Task,Object_0_aluminium foil,Object_1_anchovy,Object_2_apple,Object_3_arugula,Object_4_bacon,Object_5_baking tray,Object_6_banana,Object_7_banana pudding,Object_8_banana pudding mix,Object_9_basil,Object_10_batter,Object_11_biscuit,Object_12_biscuit dough,Object_13_black bean,Object_14_black pepper,Object_15_blender,Object_16_blender cup,Object_17_blender jar,Object_18_bloody mary,Object_19_bowl,Object_20_bread,Object_21_breadcrumb,Object_22_broccoli,Object_23_brown sugar,Object_24_brownie,Object_25_brownie batter,Object_26_butter,Object_27_cabbage,Object_28_caesar salad,Object_29_canola oil,Object_30_carrot,Object_31_carrot salad,Object_32_cayenne pepper,Object_33_celery,Object_34_celery salt,Object_35_cheddar,Object_36_cheese,Object_37_cheese sauce,Object_38_chili sauce,Object_39_chocolate chip,Object_40_chocolate chip cookie,Object_41_cilantro,Object_42_club sandwich,Object_43_coffee,Object_44_condensed milk,Object_45_cooked salmon,Object_46_cookie dough,Object_47_cooking pan,Object_48_cooking spray,Object_49_coriander,Object_50_crayfish mixture,Object_51_cream,Object_52_cream cheese,Object_53_cucumber,Object_54_cutting board,Object_55_dalgona coffee,Object_56_dill,Object_57_drinking glass,Object_58_egg mixture,Object_59_egg white and yolk,Object_60_egg yolk,Object_61_escarole,Object_62_feta cheese,Object_63_fish mixture,Object_64_flaxseed,Object_65_flour,Object_66_flour mixture,Object_67_food processor,Object_68_food processor bowl,Object_69_fridge,Object_70_garlic,Object_71_garlic bread,Object_72_garlic butter,Object_73_garlic press,Object_74_garlic salt,Object_75_ginger,Object_76_grapeseed oil,Object_77_greek salad dressing,Object_78_green bean,Object_79_grill,Object_80_grilled shrimp,Object_81_ham,Object_82_hash brown,Object_83_heavy cream,Object_84_highball glass,Object_85_hot sauce,Object_86_instant coffee,Object_87_jar,Object_88_lemon,Object_89_lemon extract,Object_90_lemon grass,Object_91_lemon juice,Object_92_macaroni,Object_93_macaroni and cheese,Object_94_matzo,Object_95_mayonnaise,Object_96_microwave,Object_97_milk,Object_98_mixer,Object_99_mixing bowl,Object_100_mozzarella,Object_101_muffin pan,Object_102_mustard,Object_103_oil mixture,Object_104_olive oil,Object_105_onion,Object_106_oven,Object_107_pan,Object_108_pancake mix,Object_109_parchment paper,Object_110_pasta mix,Object_111_pineapple,Object_112_plate,Object_113_pot,Object_114_potato,Object_115_potato mixture,Object_116_powdered sugar,Object_117_protein shake,Object_118_pudding,Object_119_pudding mixture,Object_120_raisin,Object_121_red onion,Object_122_refined sugar,Object_123_relish,Object_124_salad,Object_125_salad bowl,Object_126_salad dressing,Object_127_salad mix,Object_128_salmon,Object_129_salt,Object_130_salt pepper mixture,Object_131_saran wrap,Object_132_sea salt,Object_133_sesame oil,Object_134_shrimp,Object_135_skillet,Object_136_sour cream,Object_137_spring onion,Object_138_stove,Object_139_strawberry,Object_140_sugar,Object_141_sweetener,Object_142_tobasco sauce,Object_143_tomato,Object_144_tomato juice,Object_145_tray,Object_146_tuna,Object_147_tuna sandwich,Object_148_tuna spread,Object_149_turkey,Object_150_vanilla extract,Object_151_vanilla wafer,Object_152_vegetable oil,Object_153_vinegar,Object_154_vodka,Object_155_water,Object_156_water ice,Object_157_whey powder,Object_158_whipped coffee,Object_159_whipped cream,Object_160_worcestershire sauce,Object_161_yogurt,Object_162_0,Object_163_1,Object_164_2,Object_165_3,Object_166_4,Object_167_5,Object_168_6,Object_169_7,Object_170_8,Object_171_9,Object_172_10,Object_173_11,Object_174_12,Object_175_13,Object_176_14,Object_177_15,Object_178_16,Object_179_17,Object_180_18,Object_181_19,Object_182_none,Object_183_<PAD>,State_0_chopped,State_1_cooked,State_2_diced,State_3_exist,State_4_fried,State_5_peeled,State_6_sliced,State_7_none,Relation_on_0_aluminium foil,Relation_on_1_anchovy,Relation_on_2_apple,Relation_on_3_arugula,Relation_on_4_bacon,Relation_on_5_baking tray,Relation_on_6_banana,Relation_on_7_banana pudding,Relation_on_8_banana pudding mix,Relation_on_9_basil,Relation_on_10_batter,Relation_on_11_biscuit,Relation_on_12_biscuit dough,Relation_on_13_black bean,Relation_on_14_black pepper,Relation_on_15_blender,Relation_on_16_blender cup,Relation_on_17_blender jar,Relation_on_18_bloody mary,Relation_on_19_bowl,Relation_on_20_bread,Relation_on_21_breadcrumb,Relation_on_22_broccoli,Relation_on_23_brown sugar,Relation_on_24_brownie,Relation_on_25_brownie batter,Relation_on_26_butter,Relation_on_27_cabbage,Relation_on_28_caesar salad,Relation_on_29_canola oil,Relation_on_30_carrot,Relation_on_31_carrot salad,Relation_on_32_cayenne pepper,Relation_on_33_celery,Relation_on_34_celery salt,Relation_on_35_cheddar,Relation_on_36_cheese,Relation_on_37_cheese sauce,Relation_on_38_chili sauce,Relation_on_39_chocolate chip,Relation_on_40_chocolate chip cookie,Relation_on_41_cilantro,Relation_on_42_club sandwich,Relation_on_43_coffee,Relation_on_44_condensed milk,Relation_on_45_cooked salmon,Relation_on_46_cookie dough,Relation_on_47_cooking pan,Relation_on_48_cooking spray,Relation_on_49_coriander,Relation_on_50_crayfish mixture,Relation_on_51_cream,Relation_on_52_cream cheese,Relation_on_53_cucumber,Relation_on_54_cutting board,Relation_on_55_dalgona coffee,Relation_on_56_dill,Relation_on_57_drinking glass,Relation_on_58_egg mixture,Relation_on_59_egg white and yolk,Relation_on_60_egg yolk,Relation_on_61_escarole,Relation_on_62_feta cheese,Relation_on_63_fish mixture,Relation_on_64_flaxseed,Relation_on_65_flour,Relation_on_66_flour mixture,Relation_on_67_food processor,Relation_on_68_food processor bowl,Relation_on_69_fridge,Relation_on_70_garlic,Relation_on_71_garlic bread,Relation_on_72_garlic butter,Relation_on_73_garlic press,Relation_on_74_garlic salt,Relation_on_75_ginger,Relation_on_76_grapeseed oil,Relation_on_77_greek salad dressing,Relation_on_78_green bean,Relation_on_79_grill,Relation_on_80_grilled shrimp,Relation_on_81_ham,Relation_on_82_hash brown,Relation_on_83_heavy cream,Relation_on_84_highball glass,Relation_on_85_hot sauce,Relation_on_86_instant coffee,Relation_on_87_jar,Relation_on_88_lemon,Relation_on_89_lemon extract,Relation_on_90_lemon grass,Relation_on_91_lemon juice,Relation_on_92_macaroni,Relation_on_93_macaroni and cheese,Relation_on_94_matzo,Relation_on_95_mayonnaise,Relation_on_96_microwave,Relation_on_97_milk,Relation_on_98_mixer,Relation_on_99_mixing bowl,Relation_on_100_mozzarella,Relation_on_101_muffin pan,Relation_on_102_mustard,Relation_on_103_oil mixture,Relation_on_104_olive oil,Relation_on_105_onion,Relation_on_106_oven,Relation_on_107_pan,Relation_on_108_pancake mix,Relation_on_109_parchment paper,Relation_on_110_pasta mix,Relation_on_111_pineapple,Relation_on_112_plate,Relation_on_113_pot,Relation_on_114_potato,Relation_on_115_potato mixture,Relation_on_116_powdered sugar,Relation_on_117_protein shake,Relation_on_118_pudding,Relation_on_119_pudding mixture,Relation_on_120_raisin,Relation_on_121_red onion,Relation_on_122_refined sugar,Relation_on_123_relish,Relation_on_124_salad,Relation_on_125_salad bowl,Relation_on_126_salad dressing,Relation_on_127_salad mix,Relation_on_128_salmon,Relation_on_129_salt,Relation_on_130_salt pepper mixture,Relation_on_131_saran wrap,Relation_on_132_sea salt,Relation_on_133_sesame oil,Relation_on_134_shrimp,Relation_on_135_skillet,Relation_on_136_sour cream,Relation_on_137_spring onion,Relation_on_138_stove,Relation_on_139_strawberry,Relation_on_140_sugar,Relation_on_141_sweetener,Relation_on_142_tobasco sauce,Relation_on_143_tomato,Relation_on_144_tomato juice,Relation_on_145_tray,Relation_on_146_tuna,Relation_on_147_tuna sandwich,Relation_on_148_tuna spread,Relation_on_149_turkey,Relation_on_150_vanilla extract,Relation_on_151_vanilla wafer,Relation_on_152_vegetable oil,Relation_on_153_vinegar,Relation_on_154_vodka,Relation_on_155_water,Relation_on_156_water ice,Relation_on_157_whey powder,Relation_on_158_whipped coffee,Relation_on_159_whipped cream,Relation_on_160_worcestershire sauce,Relation_on_161_yogurt,Relation_on_162_0,Relation_on_163_1,Relation_on_164_2,Relation_on_165_3,Relation_on_166_4,Relation_on_167_5,Relation_on_168_6,Relation_on_169_7,Relation_on_170_8,Relation_on_171_9,Relation_on_172_10,Relation_on_173_11,Relation_on_174_12,Relation_on_175_13,Relation_on_176_14,Relation_on_177_15,Relation_on_178_16,Relation_on_179_17,Relation_on_180_18,Relation_on_181_19,Relation_on_182_none,Relation_on_183_<PAD>,Relation_in_0_aluminium foil,Relation_in_1_anchovy,Relation_in_2_apple,Relation_in_3_arugula,Relation_in_4_bacon,Relation_in_5_baking tray,Relation_in_6_banana,Relation_in_7_banana pudding,Relation_in_8_banana pudding mix,Relation_in_9_basil,Relation_in_10_batter,Relation_in_11_biscuit,Relation_in_12_biscuit dough,Relation_in_13_black bean,Relation_in_14_black pepper,Relation_in_15_blender,Relation_in_16_blender cup,Relation_in_17_blender jar,Relation_in_18_bloody mary,Relation_in_19_bowl,Relation_in_20_bread,Relation_in_21_breadcrumb,Relation_in_22_broccoli,Relation_in_23_brown sugar,Relation_in_24_brownie,Relation_in_25_brownie batter,Relation_in_26_butter,Relation_in_27_cabbage,Relation_in_28_caesar salad,Relation_in_29_canola oil,Relation_in_30_carrot,Relation_in_31_carrot salad,Relation_in_32_cayenne pepper,Relation_in_33_celery,Relation_in_34_celery salt,Relation_in_35_cheddar,Relation_in_36_cheese,Relation_in_37_cheese sauce,Relation_in_38_chili sauce,Relation_in_39_chocolate chip,Relation_in_40_chocolate chip cookie,Relation_in_41_cilantro,Relation_in_42_club sandwich,Relation_in_43_coffee,Relation_in_44_condensed milk,Relation_in_45_cooked salmon,Relation_in_46_cookie dough,Relation_in_47_cooking pan,Relation_in_48_cooking spray,Relation_in_49_coriander,Relation_in_50_crayfish mixture,Relation_in_51_cream,Relation_in_52_cream cheese,Relation_in_53_cucumber,Relation_in_54_cutting board,Relation_in_55_dalgona coffee,Relation_in_56_dill,Relation_in_57_drinking glass,Relation_in_58_egg mixture,Relation_in_59_egg white and yolk,Relation_in_60_egg yolk,Relation_in_61_escarole,Relation_in_62_feta cheese,Relation_in_63_fish mixture,Relation_in_64_flaxseed,Relation_in_65_flour,Relation_in_66_flour mixture,Relation_in_67_food processor,Relation_in_68_food processor bowl,Relation_in_69_fridge,Relation_in_70_garlic,Relation_in_71_garlic bread,Relation_in_72_garlic butter,Relation_in_73_garlic press,Relation_in_74_garlic salt,Relation_in_75_ginger,Relation_in_76_grapeseed oil,Relation_in_77_greek salad dressing,Relation_in_78_green bean,Relation_in_79_grill,Relation_in_80_grilled shrimp,Relation_in_81_ham,Relation_in_82_hash brown,Relation_in_83_heavy cream,Relation_in_84_highball glass,Relation_in_85_hot sauce,Relation_in_86_instant coffee,Relation_in_87_jar,Relation_in_88_lemon,Relation_in_89_lemon extract,Relation_in_90_lemon grass,Relation_in_91_lemon juice,Relation_in_92_macaroni,Relation_in_93_macaroni and cheese,Relation_in_94_matzo,Relation_in_95_mayonnaise,Relation_in_96_microwave,Relation_in_97_milk,Relation_in_98_mixer,Relation_in_99_mixing bowl,Relation_in_100_mozzarella,Relation_in_101_muffin pan,Relation_in_102_mustard,Relation_in_103_oil mixture,Relation_in_104_olive oil,Relation_in_105_onion,Relation_in_106_oven,Relation_in_107_pan,Relation_in_108_pancake mix,Relation_in_109_parchment paper,Relation_in_110_pasta mix,Relation_in_111_pineapple,Relation_in_112_plate,Relation_in_113_pot,Relation_in_114_potato,Relation_in_115_potato mixture,Relation_in_116_powdered sugar,Relation_in_117_protein shake,Relation_in_118_pudding,Relation_in_119_pudding mixture,Relation_in_120_raisin,Relation_in_121_red onion,Relation_in_122_refined sugar,Relation_in_123_relish,Relation_in_124_salad,Relation_in_125_salad bowl,Relation_in_126_salad dressing,Relation_in_127_salad mix,Relation_in_128_salmon,Relation_in_129_salt,Relation_in_130_salt pepper mixture,Relation_in_131_saran wrap,Relation_in_132_sea salt,Relation_in_133_sesame oil,Relation_in_134_shrimp,Relation_in_135_skillet,Relation_in_136_sour cream,Relation_in_137_spring onion,Relation_in_138_stove,Relation_in_139_strawberry,Relation_in_140_sugar,Relation_in_141_sweetener,Relation_in_142_tobasco sauce,Relation_in_143_tomato,Relation_in_144_tomato juice,Relation_in_145_tray,Relation_in_146_tuna,Relation_in_147_tuna sandwich,Relation_in_148_tuna spread,Relation_in_149_turkey,Relation_in_150_vanilla extract,Relation_in_151_vanilla wafer,Relation_in_152_vegetable oil,Relation_in_153_vinegar,Relation_in_154_vodka,Relation_in_155_water,Relation_in_156_water ice,Relation_in_157_whey powder,Relation_in_158_whipped coffee,Relation_in_159_whipped cream,Relation_in_160_worcestershire sauce,Relation_in_161_yogurt,Relation_in_162_0,Relation_in_163_1,Relation_in_164_2,Relation_in_165_3,Relation_in_166_4,Relation_in_167_5,Relation_in_168_6,Relation_in_169_7,Relation_in_170_8,Relation_in_171_9,Relation_in_172_10,Relation_in_173_11,Relation_in_174_12,Relation_in_175_13,Relation_in_176_14,Relation_in_177_15,Relation_in_178_16,Relation_in_179_17,Relation_in_180_18,Relation_in_181_19,Relation_in_182_none,Relation_in_183_<PAD>
1,-15.071080207824707,-15.071080207824707,-15.071080207824707,-15.071080207824707,-15.071080207824707,-16.357938766479492,-15.071080207824707,-15.071080207824707,-15.071080207824707,-15.071080207824707,-15.071080207824707,-15.071080207824707,-15.071080207824707,-15.071080207824707,-16.941072463989258,-15.071080207824707,-15.071080207824707,-15.071080207824707,-15.071080207824707,-14.177988052368164,-15.071080207824707,-6.859991550445557,-15.071080207824707,-15.071080207824707,-15.071080207824707,-15.071080207824707,-23.45633888244629,-15.071080207824707,-15.071080207824707,-15.071080207824707,-15.071080207824707,-15.071080207824707,-15.071080207824707,-15.071080207824707,-15.071080207824707,-15.071080207824707,-15.071080207824707,-15.071080207824707,-15.071080207824707,-15.071080207824707,-15.071080207824707,-15.071080207824707,-15.071080207824707,-15.071080207824707,-15.071080207824707,-15.071080207824707,-15.071080207824707,-15.071080207824707,-15.071080207824707,-0.0041862004436552525,-15.071080207824707,-15.071080207824707,-15.071080207824707,-15.071080207824707,-15.592384338378906,-15.071080207824707,-15.071080207824707,-15.071080207824707,-15.071080207824707,-15.071080207824707,-15.071080207824707,-15.071080207824707,-15.071080207824707,-15.071080207824707,-15.071080207824707,-15.071080207824707,-15.071080207824707,-15.071080207824707,-15.071080207824707,-15.071080207824707,-25.090200424194336,-5.7834248542785645,-24.852025985717773,-15.235536575317383,-15.071080207824707,-15.071080207824707,-15.071080207824707,-15.071080207824707,-15.071080207824707,-15.071080207824707,-15.071080207824707,-15.071080207824707,-15.071080207824707,-15.071080207824707,-15.071080207824707,-15.071080207824707,-15.071080207824707,-15.071080207824707,-15.071080207824707,-15.071080207824707,-15.071080207824707,-15.071080207824707,-15.071080207824707,-15.071080207824707,-15.071080207824707,-15.071080207824707,-15.071080207824707,-15.071080207824707,-15.071080207824707,-15.071080207824707,-15.071080207824707,-15.071080207824707,-15.071080207824707,-15.071080207824707,-15.071080207824707,-15.071080207824707,-15.64284896850586,-15.071080207824707,-15.071080207824707,-14.77174186706543,-15.071080207824707,-15.071080207824707,-15.506341934204102,-15.071080207824707,-15.071080207824707,-15.071080207824707,-15.071080207824707,-15.071080207824707,-15.071080207824707,-15.071080207824707,-15.071080207824707,-15.071080207824707,-15.071080207824707,-15.071080207824707,-15.071080207824707,-15.071080207824707,-15.071080207824707,-15.071080207824707,-15.071080207824707,-15.071080207824707,-15.071080207824707,-15.071080207824707,-14.285244941711426,-15.071080207824707,-15.071080207824707,-15.071080207824707,-15.071080207824707,-15.071080207824707,-15.071080207824707,-15.071080207824707,-15.071080207824707,-15.071080207824707,-15.071080207824707,-15.071080207824707,-15.071080207824707,-15.071080207824707,-15.071080207824707,-15.071080207824707,-15.071080207824707,-15.071080207824707,-15.071080207824707,-15.071080207824707,-15.071080207824707,-15.071080207824707,-15.071080207824707,-15.071080207824707,-15.071080207824707,-15.071080207824707,-15.071080207824707,-15.071080207824707,-15.071080207824707,-15.071080207824707,-inf,-inf,-inf,-inf,-inf,-inf,-inf,-inf,-inf,-inf,-inf,-inf,-inf,-inf,-inf,-inf,-inf,-inf,-inf,-inf,-15.071080207824707,-16.311376571655273,-7.352513313293457,-6.322337627410889,-6.8424296379089355,-7.42578125,-8.899182319641113,-7.498733997344971,-6.617243766784668,-6.602663040161133,-22.595855712890625,-22.595855712890625,-22.595855712890625,-22.595855712890625,-22.595855712890625,-18.404945373535156,-22.595855712890625,-22.595855712890625,-22.595855712890625,-22.595855712890625,-22.595855712890625,-22.595855712890625,-22.595855712890625,-22.595855712890625,-23.23980140686035,-22.595855712890625,-22.595855712890625,-22.595855712890625,-22.595855712890625,-26.36435317993164,-22.595855712890625,-20.717525482177734,-22.595855712890625,-22.595855712890625,-22.595855712890625,-22.595855712890625,-22.299240112304688,-22.595855712890625,-22.595855712890625,-22.595855712890625,-22.595855712890625,-22.595855712890625,-22.595855712890625,-22.595855712890625,-22.595855712890625,-22.595855712890625,-22.595855712890625,-22.595855712890625,-22.595855712890625,-22.595855712890625,-22.595855712890625,-22.595855712890625,-22.595855712890625,-22.595855712890625,-22.595855712890625,-22.595855712890625,-22.595855712890625,-22.595855712890625,-22.595855712890625,-22.253704071044922,-22.595855712890625,-22.595855712890625,-22.595855712890625,-22.595855712890625,-1.1920928244535389e-07,-22.595855712890625,-22.595855712890625,-22.595855712890625,-22.595855712890625,-22.595855712890625,-22.595855712890625,-22.595855712890625,-22.595855712890625,-22.595855712890625,-22.595855712890625,-22.595855712890625,-22.595855712890625,-22.595855712890625,-22.595855712890625,-22.595855712890625,-23.852136611938477,-21.422128677368164,-22.706663131713867,-22.29068946838379,-22.595855712890625,-22.595855712890625,-22.595855712890625,-22.595855712890625,-22.595855712890625,-22.595855712890625,-22.595855712890625,-22.595855712890625,-22.595855712890625,-22.595855712890625,-22.595855712890625,-22.595855712890625,-22.595855712890625,-22.595855712890625,-22.595855712890625,-22.595855712890625,-22.595855712890625,-22.595855712890625,-22.595855712890625,-22.595855712890625,-22.595855712890625,-22.595855712890625,-22.595855712890625,-22.595855712890625,-22.595855712890625,-22.595855712890625,-22.595855712890625,-22.595855712890625,-22.595855712890625,-22.595855712890625,-22.595855712890625,-22.595855712890625,-21.991193771362305,-22.595855712890625,-22.595855712890625,-22.57469940185547,-22.595855712890625,-22.595855712890625,-16.012126922607422,-22.595855712890625,-22.595855712890625,-22.595855712890625,-22.595855712890625,-22.595855712890625,-22.595855712890625,-22.595855712890625,-22.595855712890625,-22.595855712890625,-22.595855712890625,-22.595855712890625,-22.595855712890625,-22.595855712890625,-22.595855712890625,-22.595855712890625,-22.595855712890625,-22.595855712890625,-22.595855712890625,-22.595855712890625,-22.733783721923828,-22.595855712890625,-22.595855712890625,-22.595855712890625,-22.595855712890625,-22.595855712890625,-22.595855712890625,-22.595855712890625,-22.595855712890625,-22.595855712890625,-22.595855712890625,-22.595855712890625,-22.595855712890625,-22.595855712890625,-22.595855712890625,-22.595855712890625,-22.595855712890625,-22.595855712890625,-22.595855712890625,-22.595855712890625,-22.595855712890625,-22.595855712890625,-22.595855712890625,-22.595855712890625,-22.595855712890625,-22.595855712890625,-22.595855712890625,-22.595855712890625,-22.595855712890625,-22.595855712890625,-inf,-inf,-inf,-inf,-inf,-inf,-inf,-inf,-inf,-inf,-inf,-inf,-inf,-inf,-inf,-inf,-inf,-inf,-inf,-inf,-17.42242431640625,-21.290132522583008,-20.735322952270508,-20.735322952270508,-20.735322952270508,-20.735322952270508,-20.735322952270508,-18.109180450439453,-20.735322952270508,-20.735322952270508,-20.735322952270508,-20.735322952270508,-20.735322952270508,-20.735322952270508,-20.735322952270508,-20.735322952270508,-21.072669982910156,-20.735322952270508,-20.735322952270508,-20.735322952270508,-20.735322952270508,-13.679265975952148,-20.735322952270508,-20.6092586517334,-20.735322952270508,-20.735322952270508,-20.735322952270508,-20.735322952270508,-20.686832427978516,-20.735322952270508,-20.735322952270508,-20.735322952270508,-20.735322952270508,-20.735322952270508,-20.735322952270508,-20.735322952270508,-20.735322952270508,-20.735322952270508,-20.735322952270508,-20.735322952270508,-20.735322952270508,-20.735322952270508,-20.735322952270508,-20.735322952270508,-20.735322952270508,-20.735322952270508,-20.735322952270508,-20.735322952270508,-20.735322952270508,-20.735322952270508,-20.735322952270508,-20.231243133544922,-20.735322952270508,-20.735322952270508,-20.735322952270508,-20.735322952270508,-20.648033142089844,-20.735322952270508,-20.735322952270508,-20.735322952270508,-20.735322952270508,-20.735322952270508,-20.735322952270508,-20.735322952270508,-20.735322952270508,-20.735322952270508,-20.735322952270508,-20.735322952270508,-20.735322952270508,-20.735322952270508,-20.735322952270508,-20.735322952270508,-21.050519943237305,-21.1322078704834,-20.581993103027344,-20.421781539916992,-20.735322952270508,-20.735322952270508,-20.735322952270508,-20.735322952270508,-20.735322952270508,-20.735322952270508,-20.735322952270508,-20.735322952270508,-20.735322952270508,-20.735322952270508,-20.735322952270508,-20.735322952270508,-20.735322952270508,-20.735322952270508,-20.735322952270508,-20.735322952270508,-20.735322952270508,-20.735322952270508,-20.735322952270508,-20.735322952270508,-20.735322952270508,-20.735322952270508,-20.735322952270508,-20.735322952270508,-20.735322952270508,-20.735322952270508,-20.735322952270508,-20.735322952270508,-20.735322952270508,-20.735322952270508,-20.735322952270508,-20.735322952270508,-17.436887741088867,-20.735322952270508,-20.735322952270508,-20.760663986206055,-20.735322952270508,-20.735322952270508,-20.925453186035156,-20.735322952270508,-20.735322952270508,-20.735322952270508,-20.735322952270508,-20.735322952270508,-20.735322952270508,-20.735322952270508,-20.735322952270508,-20.735322952270508,-20.735322952270508,-20.735322952270508,-20.735322952270508,-20.735322952270508,-20.735322952270508,-20.735322952270508,-20.735322952270508,-20.735322952270508,-20.735322952270508,-20.735322952270508,-20.650854110717773,-20.735322952270508,-20.735322952270508,-20.735322952270508,-20.735322952270508,-20.735322952270508,-20.735322952270508,-20.735322952270508,-20.735322952270508,-20.735322952270508,-20.735322952270508,-20.735322952270508,-20.735322952270508,-20.735322952270508,-20.735322952270508,-20.735322952270508,-20.735322952270508,-20.735322952270508,-20.735322952270508,-20.735322952270508,-20.735322952270508,-20.735322952270508,-20.735322952270508,-20.735322952270508,-20.735322952270508,-20.735322952270508,-20.735322952270508,-20.735322952270508,-20.735322952270508,-20.735322952270508,-inf,-inf,-inf,-inf,-inf,-inf,-inf,-inf,-inf,-inf,-inf,-inf,-inf,-inf,-inf,-inf,-inf,-inf,-inf,-inf,-1.311301275563892e-06,-17.06536865234375
2,-20.862234115600586,-20.862234115600586,-20.862234115600586,-20.862234115600586,-20.862234115600586,-22.969831466674805,-20.862234115600586,-20.862234115600586,-20.862234115600586,-20.862234115600586,-20.862234115600586,-20.862234115600586,-20.862234115600586,-20.862234115600586,-41.06648635864258,-20.862234115600586,-20.862234115600586,-20.862234115600586,-20.862234115600586,-21.106630325317383,-20.862234115600586,-0.00011944057769142091,-20.862234115600586,-20.862234115600586,-20.862234115600586,-20.862234115600586,-9.43420124053955,-20.862234115600586,-20.862234115600586,-20.862234115600586,-20.862234115600586,-20.862234115600586,-20.862234115600586,-20.862234115600586,-20.862234115600586,-20.862234115600586,-20.862234115600586,-20.862234115600586,-20.862234115600586,-20.862234115600586,-20.862234115600586,-20.862234115600586,-20.862234115600586,-20.862234115600586,-20.862234115600586,-20.862234115600586,-20.862234115600586,-20.862234115600586,-20.862234115600586,-12.308064460754395,-20.862234115600586,-20.862234115600586,-20.862234115600586,-20.862234115600586,-21.669206619262695,-20.862234115600586,-20.862234115600586,-20.862234115600586,-20.862234115600586,-20.862234115600586,-20.862234115600586,-20.862234115600586,-20.862234115600586,-20.862234115600586,-20.862234115600586,-20.862234115600586,-20.862234115600586,-20.862234115600586,-20.862234115600586,-20.862234115600586,-11.449084281921387,-18.401660919189453,-10.628153800964355,-20.870025634765625,-20.862234115600586,-20.862234115600586,-20.862234115600586,-20.862234115600586,-20.862234115600586,-20.862234115600586,-20.862234115600586,-20.862234115600586,-20.862234115600586,-20.862234115600586,-20.862234115600586,-20.862234115600586,-20.862234115600586,-20.862234115600586,-20.862234115600586,-20.862234115600586,-20.862234115600586,-20.862234115600586,-20.862234115600586,-20.862234115600586,-20.862234115600586,-20.862234115600586,-20.862234115600586,-20.862234115600586,-20.862234115600586,-20.862234115600586,-20.862234115600586,-20.862234115600586,-20.862234115600586,-20.862234115600586,-20.862234115600586,-20.862234115600586,-21.776187896728516,-20.862234115600586,-20.862234115600586,-23.414518356323242,-20.862234115600586,-20.862234115600586,-21.539100646972656,-20.862234115600586,-20.862234115600586,-20.862234115600586,-20.862234115600586,-20.862234115600586,-20.862234115600586,-20.862234115600586,-20.862234115600586,-20.862234115600586,-20.862234115600586,-20.862234115600586,-20.862234115600586,-20.862234115600586,-20.862234115600586,-20.862234115600586,-20.862234115600586,-20.862234115600586,-20.862234115600586,-20.862234115600586,-21.662904739379883,-20.862234115600586,-20.862234115600586,-20.862234115600586,-20.862234115600586,-20.862234115600586,-20.862234115600586,-20.862234115600586,-20.862234115600586,-20.862234115600586,-20.862234115600586,-20.862234115600586,-20.862234115600586,-20.862234115600586,-20.862234115600586,-20.862234115600586,-20.862234115600586,-20.862234115600586,-20.862234115600586,-20.862234115600586,-20.862234115600586,-20.862234115600586,-20.862234115600586,-20.862234115600586,-20.862234115600586,-20.862234115600586,-20.862234115600586,-20.862234115600586,-20.862234115600586,-20.862234115600586,-inf,-inf,-inf,-inf,-inf,-inf,-inf,-inf,-inf,-inf,-inf,-inf,-inf,-inf,-inf,-inf,-inf,-inf,-inf,-inf,-20.862234115600586,-22.453447341918945,-4.983286380767822,-8.966046333312988,-9.922725677490234,-8.305463790893555,-12.8016357421875,-6.473670482635498,-11.056880950927734,-9.454142570495605,-20.656192779541016,-20.656192779541016,-20.656192779541016,-20.656192779541016,-20.656192779541016,-15.745477676391602,-20.656192779541016,-20.656192779541016,-20.656192779541016,-20.656192779541016,-20.656192779541016,-20.656192779541016,-20.656192779541016,-20.656192779541016,-21.326908111572266,-20.656192779541016,-20.656192779541016,-20.656192779541016,-20.656192779541016,-25.087871551513672,-20.656192779541016,-21.259580612182617,-20.656192779541016,-20.656192779541016,-20.656192779541016,-20.656192779541016,-20.47180938720703,-20.656192779541016,-20.656192779541016,-20.656192779541016,-20.656192779541016,-20.656192779541016,-20.656192779541016,-20.656192779541016,-20.656192779541016,-20.656192779541016,-20.656192779541016,-20.656192779541016,-20.656192779541016,-20.656192779541016,-20.656192779541016,-20.656192779541016,-20.656192779541016,-20.656192779541016,-20.656192779541016,-20.656192779541016,-20.656192779541016,-20.656192779541016,-20.656192779541016,-20.15958023071289,-20.656192779541016,-20.656192779541016,-20.656192779541016,-20.656192779541016,-3.802703940891661e-05,-20.656192779541016,-20.656192779541016,-20.656192779541016,-20.656192779541016,-20.656192779541016,-20.656192779541016,-20.656192779541016,-20.656192779541016,-20.656192779541016,-20.656192779541016,-20.656192779541016,-20.656192779541016,-20.656192779541016,-20.656192779541016,-20.656192779541016,-21.888349533081055,-22.042177200317383,-21.2183895111084,-20.91792869567871,-20.656192779541016,-20.656192779541016,-20.656192779541016,-20.656192779541016,-20.656192779541016,-20.656192779541016,-20.656192779541016,-20.656192779541016,-20.656192779541016,-20.656192779541016,-20.656192779541016,-20.656192779541016,-20.656192779541016,-20.656192779541016,-20.656192779541016,-20.656192779541016,-20.656192779541016,-20.656192779541016,-20.656192779541016,-20.656192779541016,-20.656192779541016,-20.656192779541016,-20.656192779541016,-20.656192779541016,-20.656192779541016,-20.656192779541016,-20.656192779541016,-20.656192779541016,-20.656192779541016,-20.656192779541016,-20.656192779541016,-20.656192779541016,-20.32423973083496,-20.656192779541016,-20.656192779541016,-20.877033233642578,-20.656192779541016,-20.656192779541016,-12.600517272949219,-20.656192779541016,-20.656192779541016,-20.656192779541016,-20.656192779541016,-20.656192779541016,-20.656192779541016,-20.656192779541016,-20.656192779541016,-20.656192779541016,-20.656192779541016,-20.656192779541016,-20.656192779541016,-20.656192779541016,-20.656192779541016,-20.656192779541016,-20.656192779541016,-20.656192779541016,-20.656192779541016,-20.656192779541016,-21.1016788482666,-20.656192779541016,-20.656192779541016,-20.656192779541016,-20.656192779541016,-20.656192779541016,-20.656192779541016,-20.656192779541016,-20.656192779541016,-20.656192779541016,-20.656192779541016,-20.656192779541016,-20.656192779541016,-20.656192779541016,-20.656192779541016,-20.656192779541016,-20.656192779541016,-20.656192779541016,-20.656192779541016,-20.656192779541016,-20.656192779541016,-20.656192779541016,-20.656192779541016,-20.656192779541016,-20.656192779541016,-20.656192779541016,-20.656192779541016,-20.656192779541016,-20.656192779541016,-20.656192779541016,-inf,-inf,-inf,-inf,-inf,-inf,-inf,-inf,-inf,-inf,-inf,-inf,-inf,-inf,-inf,-inf,-inf,-inf,-inf,-inf,-10.280293464660645,-19.00236701965332,-22.32158660888672,-22.32158660888672,-22.32158660888672,-22.32158660888672,-22.32158660888672,-24.608474731445312,-22.32158660888672,-22.32158660888672,-22.32158660888672,-22.32158660888672,-22.32158660888672,-22.32158660888672,-22.32158660888672,-22.32158660888672,-22.583820343017578,-22.32158660888672,-22.32158660888672,-22.32158660888672,-22.32158660888672,-15.329180717468262,-22.32158660888672,-22.42656898498535,-22.32158660888672,-22.32158660888672,-22.32158660888672,-22.32158660888672,-22.3612003326416,-22.32158660888672,-22.32158660888672,-22.32158660888672,-22.32158660888672,-22.32158660888672,-22.32158660888672,-22.32158660888672,-22.32158660888672,-22.32158660888672,-22.32158660888672,-22.32158660888672,-22.32158660888672,-22.32158660888672,-22.32158660888672,-22.32158660888672,-22.32158660888672,-22.32158660888672,-22.32158660888672,-22.32158660888672,-22.32158660888672,-22.32158660888672,-22.32158660888672,-22.014965057373047,-22.32158660888672,-22.32158660888672,-22.32158660888672,-22.32158660888672,-22.938613891601562,-22.32158660888672,-22.32158660888672,-22.32158660888672,-22.32158660888672,-22.32158660888672,-22.32158660888672,-22.32158660888672,-22.32158660888672,-22.32158660888672,-22.32158660888672,-22.32158660888672,-22.32158660888672,-22.32158660888672,-22.32158660888672,-22.32158660888672,-22.603469848632812,-22.985429763793945,-22.43149185180664,-19.831165313720703,-22.32158660888672,-22.32158660888672,-22.32158660888672,-22.32158660888672,-22.32158660888672,-22.32158660888672,-22.32158660888672,-22.32158660888672,-22.32158660888672,-22.32158660888672,-22.32158660888672,-22.32158660888672,-22.32158660888672,-22.32158660888672,-22.32158660888672,-22.32158660888672,-22.32158660888672,-22.32158660888672,-22.32158660888672,-22.32158660888672,-22.32158660888672,-22.32158660888672,-22.32158660888672,-22.32158660888672,-22.32158660888672,-22.32158660888672,-22.32158660888672,-22.32158660888672,-22.32158660888672,-22.32158660888672,-22.32158660888672,-22.32158660888672,-20.406600952148438,-22.32158660888672,-22.32158660888672,-22.221921920776367,-22.32158660888672,-22.32158660888672,-22.65611457824707,-22.32158660888672,-22.32158660888672,-22.32158660888672,-22.32158660888672,-22.32158660888672,-22.32158660888672,-22.32158660888672,-22.32158660888672,-22.32158660888672,-22.32158660888672,-22.32158660888672,-22.32158660888672,-22.32158660888672,-22.32158660888672,-22.32158660888672,-22.32158660888672,-22.32158660888672,-22.32158660888672,-22.32158660888672,-22.110443115234375,-22.32158660888672,-22.32158660888672,-22.32158660888672,-22.32158660888672,-22.32158660888672,-22.32158660888672,-22.32158660888672,-22.32158660888672,-22.32158660888672,-22.32158660888672,-22.32158660888672,-22.32158660888672,-22.32158660888672,-22.32158660888672,-22.32158660888672,-22.32158660888672,-22.32158660888672,-22.32158660888672,-22.32158660888672,-22.32158660888672,-22.32158660888672,-22.32158660888672,-22.32158660888672,-22.32158660888672,-22.32158660888672,-22.32158660888672,-22.32158660888672,-22.32158660888672,-22.32158660888672,-inf,-inf,-inf,-inf,-inf,-inf,-inf,-inf,-inf,-inf,-inf,-inf,-inf,-inf,-inf,-inf,-inf,-inf,-inf,-inf,-2.3841855067985307e-07,-18.56899642944336
3,-14.749022483825684,-14.749022483825684,-14.749022483825684,-14.749022483825684,-14.749022483825684,-15.468024253845215,-14.749022483825684,-14.749022483825684,-14.749022483825684,-14.749022483825684,-14.749022483825684,-14.749022483825684,-14.749022483825684,-14.749022483825684,-22.40290069580078,-14.749022483825684,-14.749022483825684,-14.749022483825684,-14.749022483825684,-11.654717445373535,-14.749022483825684,-1.8621933460235596,-14.749022483825684,-14.749022483825684,-14.749022483825684,-14.749022483825684,-14.40896224975586,-14.749022483825684,-14.749022483825684,-14.749022483825684,-14.749022483825684,-14.749022483825684,-14.749022483825684,-14.749022483825684,-14.749022483825684,-14.749022483825684,-14.749022483825684,-14.749022483825684,-14.749022483825684,-14.749022483825684,-14.749022483825684,-14.749022483825684,-14.749022483825684,-14.749022483825684,-14.749022483825684,-14.749022483825684,-14.749022483825684,-14.749022483825684,-14.749022483825684,-0.1692659854888916,-14.749022483825684,-14.749022483825684,-14.749022483825684,-14.749022483825684,-15.970316886901855,-14.749022483825684,-14.749022483825684,-14.749022483825684,-14.749022483825684,-14.749022483825684,-14.749022483825684,-14.749022483825684,-14.749022483825684,-14.749022483825684,-14.749022483825684,-14.749022483825684,-14.749022483825684,-14.749022483825684,-14.749022483825684,-14.749022483825684,-17.233869552612305,-8.098289489746094,-15.814508438110352,-14.915667533874512,-14.749022483825684,-14.749022483825684,-14.749022483825684,-14.749022483825684,-14.749022483825684,-14.749022483825684,-14.749022483825684,-14.749022483825684,-14.749022483825684,-14.749022483825684,-14.749022483825684,-14.749022483825684,-14.749022483825684,-14.749022483825684,-14.749022483825684,-14.749022483825684,-14.749022483825684,-14.749022483825684,-14.749022483825684,-14.749022483825684,-14.749022483825684,-14.749022483825684,-14.749022483825684,-14.749022483825684,-14.749022483825684,-14.749022483825684,-14.749022483825684,-14.749022483825684,-14.749022483825684,-14.749022483825684,-14.749022483825684,-14.749022483825684,-15.945223808288574,-14.749022483825684,-14.749022483825684,-20.520132064819336,-14.749022483825684,-14.749022483825684,-15.640340805053711,-14.749022483825684,-14.749022483825684,-14.749022483825684,-14.749022483825684,-14.749022483825684,-14.749022483825684,-14.749022483825684,-14.749022483825684,-14.749022483825684,-14.749022483825684,-14.749022483825684,-14.749022483825684,-14.749022483825684,-14.749022483825684,-14.749022483825684,-14.749022483825684,-14.749022483825684,-14.749022483825684,-14.749022483825684,-12.507340431213379,-14.749022483825684,-14.749022483825684,-14.749022483825684,-14.749022483825684,-14.749022483825684,-14.749022483825684,-14.749022483825684,-14.749022483825684,-14.749022483825684,-14.749022483825684,-14.749022483825684,-14.749022483825684,-14.749022483825684,-14.749022483825684,-14.749022483825684,-14.749022483825684,-14.749022483825684,-14.749022483825684,-14.749022483825684,-14.749022483825684,-14.749022483825684,-14.749022483825684,-14.749022483825684,-14.749022483825684,-14.749022483825684,-14.749022483825684,-14.749022483825684,-14.749022483825684,-14.749022483825684,-inf,-inf,-inf,-inf,-inf,-inf,-inf,-inf,-inf,-inf,-inf,-inf,-inf,-inf,-inf,-inf,-inf,-inf,-inf,-inf,-14.749022483825684,-17.324020385742188,3.426116704940796,-11.761837005615234,-11.337000846862793,-10.417280197143555,-10.038749694824219,-9.443302154541016,-11.636812210083008,-9.8114595413208,-19.845996856689453,-19.845996856689453,-19.845996856689453,-19.845996856689453,-19.845996856689453,-17.280790328979492,-19.845996856689453,-19.845996856689453,-19.845996856689453,-19.845996856689453,-19.845996856689453,-19.845996856689453,-19.845996856689453,-19.845996856689453,-20.761775970458984,-19.845996856689453,-19.845996856689453,-19.845996856689453,-19.845996856689453,-24.942955017089844,-19.845996856689453,-21.821977615356445,-19.845996856689453,-19.845996856689453,-19.845996856689453,-19.845996856689453,-19.781326293945312,-19.845996856689453,-19.845996856689453,-19.845996856689453,-19.845996856689453,-19.845996856689453,-19.845996856689453,-19.845996856689453,-19.845996856689453,-19.845996856689453,-19.845996856689453,-19.845996856689453,-19.845996856689453,-19.845996856689453,-19.845996856689453,-19.845996856689453,-19.845996856689453,-19.845996856689453,-19.845996856689453,-19.845996856689453,-19.845996856689453,-19.845996856689453,-19.845996856689453,-19.302032470703125,-19.845996856689453,-19.845996856689453,-19.845996856689453,-19.845996856689453,-7.590609073638916,-19.845996856689453,-19.845996856689453,-19.845996856689453,-19.845996856689453,-19.845996856689453,-19.845996856689453,-19.845996856689453,-19.845996856689453,-19.845996856689453,-19.845996856689453,-19.845996856689453,-19.845996856689453,-19.845996856689453,-19.845996856689453,-19.845996856689453,-20.776227951049805,-22.088741302490234,-20.52545166015625,-19.971294403076172,-19.845996856689453,-19.845996856689453,-19.845996856689453,-19.845996856689453,-19.845996856689453,-19.845996856689453,-19.845996856689453,-19.845996856689453,-19.845996856689453,-19.845996856689453,-19.845996856689453,-19.845996856689453,-19.845996856689453,-19.845996856689453,-19.845996856689453,-19.845996856689453,-19.845996856689453,-19.845996856689453,-19.845996856689453,-19.845996856689453,-19.845996856689453,-19.845996856689453,-19.845996856689453,-19.845996856689453,-19.845996856689453,-19.845996856689453,-19.845996856689453,-19.845996856689453,-19.845996856689453,-19.845996856689453,-19.845996856689453,-19.845996856689453,-20.047382354736328,-19.845996856689453,-19.845996856689453,-19.98318099975586,-19.845996856689453,-19.845996856689453,-7.981762409210205,-19.845996856689453,-19.845996856689453,-19.845996856689453,-19.845996856689453,-19.845996856689453,-19.845996856689453,-19.845996856689453,-19.845996856689453,-19.845996856689453,-19.845996856689453,-19.845996856689453,-19.845996856689453,-19.845996856689453,-19.845996856689453,-19.845996856689453,-19.845996856689453,-19.845996856689453,-19.845996856689453,-19.845996856689453,-20.65214729309082,-19.845996856689453,-19.845996856689453,-19.845996856689453,-19.845996856689453,-19.845996856689453,-19.845996856689453,-19.845996856689453,-19.845996856689453,-19.845996856689453,-19.845996856689453,-19.845996856689453,-19.845996856689453,-19.845996856689453,-19.845996856689453,-19.845996856689453,-19.845996856689453,-19.845996856689453,-19.845996856689453,-19.845996856689453,-19.845996856689453,-19.845996856689453,-19.845996856689453,-19.845996856689453,-19.845996856689453,-19.845996856689453,-19.845996856689453,-19.845996856689453,-19.845996856689453,-19.845996856689453,-inf,-inf,-inf,-inf,-inf,-inf,-inf,-inf,-inf,-inf,-inf,-inf,-inf,-inf,-inf,-inf,-inf,-inf,-inf,-inf,-0.0008474572678096592,-18.180145263671875,-18.529808044433594,-18.529808044433594,-18.529808044433594,-18.529808044433594,-18.529808044433594,-23.446453094482422,-18.529808044433594,-18.529808044433594,-18.529808044433594,-18.529808044433594,-18.529808044433594,-18.529808044433594,-18.529808044433594,-18.529808044433594,-18.21281623840332,-18.529808044433594,-18.529808044433594,-18.529808044433594,-18.529808044433594,-12.366653442382812,-18.529808044433594,-18.819364547729492,-18.529808044433594,-18.529808044433594,-18.529808044433594,-18.529808044433594,-18.784412384033203,-18.529808044433594,-18.529808044433594,-18.529808044433594,-18.529808044433594,-18.529808044433594,-18.529808044433594,-18.529808044433594,-18.529808044433594,-18.529808044433594,-18.529808044433594,-18.529808044433594,-18.529808044433594,-18.529808044433594,-18.529808044433594,-18.529808044433594,-18.529808044433594,-18.529808044433594,-18.529808044433594,-18.529808044433594,-18.529808044433594,-18.529808044433594,-18.529808044433594,-18.346721649169922,-18.529808044433594,-18.529808044433594,-18.529808044433594,-18.529808044433594,-18.93444061279297,-18.529808044433594,-18.529808044433594,-18.529808044433594,-18.529808044433594,-18.529808044433594,-18.529808044433594,-18.529808044433594,-18.529808044433594,-18.529808044433594,-18.529808044433594,-18.529808044433594,-18.529808044433594,-18.529808044433594,-18.529808044433594,-18.529808044433594,-18.900224685668945,-19.047767639160156,-18.650169372558594,-13.61733627319336,-18.529808044433594,-18.529808044433594,-18.529808044433594,-18.529808044433594,-18.529808044433594,-18.529808044433594,-18.529808044433594,-18.529808044433594,-18.529808044433594,-18.529808044433594,-18.529808044433594,-18.529808044433594,-18.529808044433594,-18.529808044433594,-18.529808044433594,-18.529808044433594,-18.529808044433594,-18.529808044433594,-18.529808044433594,-18.529808044433594,-18.529808044433594,-18.529808044433594,-18.529808044433594,-18.529808044433594,-18.529808044433594,-18.529808044433594,-18.529808044433594,-18.529808044433594,-18.529808044433594,-18.529808044433594,-18.529808044433594,-18.529808044433594,-18.231536865234375,-18.529808044433594,-18.529808044433594,-18.004928588867188,-18.529808044433594,-18.529808044433594,-19.11634063720703,-18.529808044433594,-18.529808044433594,-18.529808044433594,-18.529808044433594,-18.529808044433594,-18.529808044433594,-18.529808044433594,-18.529808044433594,-18.529808044433594,-18.529808044433594,-18.529808044433594,-18.529808044433594,-18.529808044433594,-18.529808044433594,-18.529808044433594,-18.529808044433594,-18.529808044433594,-18.529808044433594,-18.529808044433594,-17.99095916748047,-18.529808044433594,-18.529808044433594,-18.529808044433594,-18.529808044433594,-18.529808044433594,-18.529808044433594,-18.529808044433594,-18.529808044433594,-18.529808044433594,-18.529808044433594,-18.529808044433594,-18.529808044433594,-18.529808044433594,-18.529808044433594,-18.529808044433594,-18.529808044433594,-18.529808044433594,-18.529808044433594,-18.529808044433594,-18.529808044433594,-18.529808044433594,-18.529808044433594,-18.529808044433594,-18.529808044433594,-18.529808044433594,-18.529808044433594,-18.529808044433594,-18.529808044433594,-18.529808044433594,-inf,-inf,-inf,-inf,-inf,-inf,-inf,-inf,-inf,-inf,-inf,-inf,-inf,-inf,-inf,-inf,-inf,-inf,-inf,-inf,-7.271740287251305e-06,-15.187080383300781
4,-14.556796073913574,-14.556796073913574,-14.556796073913574,-14.556796073913574,-14.556796073913574,-16.549524307250977,-14.556796073913574,-14.556796073913574,-14.556796073913574,-14.556796073913574,-14.556796073913574,-14.556796073913574,-14.556796073913574,-14.556796073913574,-24.949726104736328,-14.556796073913574,-14.556796073913574,-14.556796073913574,-14.556796073913574,-17.471515655517578,-14.556796073913574,-0.5419301390647888,-14.556796073913574,-14.556796073913574,-14.556796073913574,-14.556796073913574,-9.470109939575195,-14.556796073913574,-14.556796073913574,-14.556796073913574,-14.556796073913574,-14.556796073913574,-14.556796073913574,-14.556796073913574,-14.556796073913574,-14.556796073913574,-14.556796073913574,-14.556796073913574,-14.556796073913574,-14.556796073913574,-14.556796073913574,-14.556796073913574,-14.556796073913574,-14.556796073913574,-14.556796073913574,-14.556796073913574,-14.556796073913574,-14.556796073913574,-14.556796073913574,-0.8730725646018982,-14.556796073913574,-14.556796073913574,-14.556796073913574,-14.556796073913574,-16.19635581970215,-14.556796073913574,-14.556796073913574,-14.556796073913574,-14.556796073913574,-14.556796073913574,-14.556796073913574,-14.556796073913574,-14.556796073913574,-14.556796073913574,-14.556796073913574,-14.556796073913574,-14.556796073913574,-14.556796073913574,-14.556796073913574,-14.556796073913574,-8.327820777893066,-8.224040985107422,-11.266339302062988,-14.896749496459961,-14.556796073913574,-14.556796073913574,-14.556796073913574,-14.556796073913574,-14.556796073913574,-14.556796073913574,-14.556796073913574,-14.556796073913574,-14.556796073913574,-14.556796073913574,-14.556796073913574,-14.556796073913574,-14.556796073913574,-14.556796073913574,-14.556796073913574,-14.556796073913574,-14.556796073913574,-14.556796073913574,-14.556796073913574,-14.556796073913574,-14.556796073913574,-14.556796073913574,-14.556796073913574,-14.556796073913574,-14.556796073913574,-14.556796073913574,-14.556796073913574,-14.556796073913574,-14.556796073913574,-14.556796073913574,-14.556796073913574,-14.556796073913574,-15.336475372314453,-14.556796073913574,-14.556796073913574,-20.740636825561523,-14.556796073913574,-14.556796073913574,-15.580191612243652,-14.556796073913574,-14.556796073913574,-14.556796073913574,-14.556796073913574,-14.556796073913574,-14.556796073913574,-14.556796073913574,-14.556796073913574,-14.556796073913574,-14.556796073913574,-14.556796073913574,-14.556796073913574,-14.556796073913574,-14.556796073913574,-14.556796073913574,-14.556796073913574,-14.556796073913574,-14.556796073913574,-14.556796073913574,-10.469270706176758,-14.556796073913574,-14.556796073913574,-14.556796073913574,-14.556796073913574,-14.556796073913574,-14.556796073913574,-14.556796073913574,-14.556796073913574,-14.556796073913574,-14.556796073913574,-14.556796073913574,-14.556796073913574,-14.556796073913574,-14.556796073913574,-14.556796073913574,-14.556796073913574,-14.556796073913574,-14.556796073913574,-14.556796073913574,-14.556796073913574,-14.556796073913574,-14.556796073913574,-14.556796073913574,-14.556796073913574,-14.556796073913574,-14.556796073913574,-14.556796073913574,-14.556796073913574,-14.556796073913574,-inf,-inf,-inf,-inf,-inf,-inf,-inf,-inf,-inf,-inf,-inf,-inf,-inf,-inf,-inf,-inf,-inf,-inf,-inf,-inf,-14.556796073913574,-18.594457626342773,4.818573474884033,-10.150347709655762,-13.391666412353516,-10.779485702514648,-8.925844192504883,-12.735179901123047,-11.597362518310547,-10.836654663085938,-29.568082809448242,-29.568082809448242,-29.568082809448242,-29.568082809448242,-29.568082809448242,-29.075103759765625,-29.568082809448242,-29.568082809448242,-29.568082809448242,-29.568082809448242,-29.568082809448242,-29.568082809448242,-29.568082809448242,-29.568082809448242,-30.596118927001953,-29.568082809448242,-29.568082809448242,-29.568082809448242,-29.568082809448242,-34.35091781616211,-29.568082809448242,-30.214975357055664,-29.568082809448242,-29.568082809448242,-29.568082809448242,-29.568082809448242,-29.367862701416016,-29.568082809448242,-29.568082809448242,-29.568082809448242,-29.568082809448242,-29.568082809448242,-29.568082809448242,-29.568082809448242,-29.568082809448242,-29.568082809448242,-29.568082809448242,-29.568082809448242,-29.568082809448242,-29.568082809448242,-29.568082809448242,-29.568082809448242,-29.568082809448242,-29.568082809448242,-29.568082809448242,-29.568082809448242,-29.568082809448242,-29.568082809448242,-29.568082809448242,-29.06563949584961,-29.568082809448242,-29.568082809448242,-29.568082809448242,-29.568082809448242,-20.58564567565918,-29.568082809448242,-29.568082809448242,-29.568082809448242,-29.568082809448242,-29.568082809448242,-29.568082809448242,-29.568082809448242,-29.568082809448242,-29.568082809448242,-29.568082809448242,-29.568082809448242,-29.568082809448242,-29.568082809448242,-29.568082809448242,-29.568082809448242,-29.89630126953125,-30.43491554260254,-29.94605255126953,-29.560836791992188,-29.568082809448242,-29.568082809448242,-29.568082809448242,-29.568082809448242,-29.568082809448242,-29.568082809448242,-29.568082809448242,-29.568082809448242,-29.568082809448242,-29.568082809448242,-29.568082809448242,-29.568082809448242,-29.568082809448242,-29.568082809448242,-29.568082809448242,-29.568082809448242,-29.568082809448242,-29.568082809448242,-29.568082809448242,-29.568082809448242,-29.568082809448242,-29.568082809448242,-29.568082809448242,-29.568082809448242,-29.568082809448242,-29.568082809448242,-29.568082809448242,-29.568082809448242,-29.568082809448242,-29.568082809448242,-29.568082809448242,-29.568082809448242,-29.91737937927246,-29.568082809448242,-29.568082809448242,-29.56830406188965,-29.568082809448242,-29.568082809448242,-8.857102394104004,-29.568082809448242,-29.568082809448242,-29.568082809448242,-29.568082809448242,-29.568082809448242,-29.568082809448242,-29.568082809448242,-29.568082809448242,-29.568082809448242,-29.568082809448242,-29.568082809448242,-29.568082809448242,-29.568082809448242,-29.568082809448242,-29.568082809448242,-29.568082809448242,-29.568082809448242,-29.568082809448242,-29.568082809448242,-30.257518768310547,-29.568082809448242,-29.568082809448242,-29.568082809448242,-29.568082809448242,-29.568082809448242,-29.568082809448242,-29.568082809448242,-29.568082809448242,-29.568082809448242,-29.568082809448242,-29.568082809448242,-29.568082809448242,-29.568082809448242,-29.568082809448242,-29.568082809448242,-29.568082809448242,-29.568082809448242,-29.568082809448242,-29.568082809448242,-29.568082809448242,-29.568082809448242,-29.568082809448242,-29.568082809448242,-29.568082809448242,-29.568082809448242,-29.568082809448242,-29.568082809448242,-29.568082809448242,-29.568082809448242,-inf,-inf,-inf,-inf,-inf,-inf,-inf,-inf,-inf,-inf,-inf,-inf,-inf,-inf,-inf,-inf,-inf,-inf,-inf,-inf,-0.00014232576359063387,-28.989194869995117,-18.425662994384766,-18.425662994384766,-18.425662994384766,-18.425662994384766,-18.425662994384766,-23.194950103759766,-18.425662994384766,-18.425662994384766,-18.425662994384766,-18.425662994384766,-18.425662994384766,-18.425662994384766,-18.425662994384766,-18.425662994384766,-18.44548988342285,-18.425662994384766,-18.425662994384766,-18.425662994384766,-18.425662994384766,-8.285088539123535,-18.425662994384766,-18.58429718017578,-18.425662994384766,-18.425662994384766,-18.425662994384766,-18.425662994384766,-18.726303100585938,-18.425662994384766,-18.425662994384766,-18.425662994384766,-18.425662994384766,-18.425662994384766,-18.425662994384766,-18.425662994384766,-18.425662994384766,-18.425662994384766,-18.425662994384766,-18.425662994384766,-18.425662994384766,-18.425662994384766,-18.425662994384766,-18.425662994384766,-18.425662994384766,-18.425662994384766,-18.425662994384766,-18.425662994384766,-18.425662994384766,-18.425662994384766,-18.425662994384766,-18.545822143554688,-18.425662994384766,-18.425662994384766,-18.425662994384766,-18.425662994384766,-18.874126434326172,-18.425662994384766,-18.425662994384766,-18.425662994384766,-18.425662994384766,-18.425662994384766,-18.425662994384766,-18.425662994384766,-18.425662994384766,-18.425662994384766,-18.425662994384766,-18.425662994384766,-18.425662994384766,-18.425662994384766,-18.425662994384766,-18.425662994384766,-18.4052677154541,-19.146467208862305,-18.268238067626953,-8.629215240478516,-18.425662994384766,-18.425662994384766,-18.425662994384766,-18.425662994384766,-18.425662994384766,-18.425662994384766,-18.425662994384766,-18.425662994384766,-18.425662994384766,-18.425662994384766,-18.425662994384766,-18.425662994384766,-18.425662994384766,-18.425662994384766,-18.425662994384766,-18.425662994384766,-18.425662994384766,-18.425662994384766,-18.425662994384766,-18.425662994384766,-18.425662994384766,-18.425662994384766,-18.425662994384766,-18.425662994384766,-18.425662994384766,-18.425662994384766,-18.425662994384766,-18.425662994384766,-18.425662994384766,-18.425662994384766,-18.425662994384766,-18.425662994384766,-20.319427490234375,-18.425662994384766,-18.425662994384766,-17.708526611328125,-18.425662994384766,-18.425662994384766,-19.173826217651367,-18.425662994384766,-18.425662994384766,-18.425662994384766,-18.425662994384766,-18.425662994384766,-18.425662994384766,-18.425662994384766,-18.425662994384766,-18.425662994384766,-18.425662994384766,-18.425662994384766,-18.425662994384766,-18.425662994384766,-18.425662994384766,-18.425662994384766,-18.425662994384766,-18.425662994384766,-18.425662994384766,-18.425662994384766,-18.006195068359375,-18.425662994384766,-18.425662994384766,-18.425662994384766,-18.425662994384766,-18.425662994384766,-18.425662994384766,-18.425662994384766,-18.425662994384766,-18.425662994384766,-18.425662994384766,-18.425662994384766,-18.425662994384766,-18.425662994384766,-18.425662994384766,-18.425662994384766,-18.425662994384766,-18.425662994384766,-18.425662994384766,-18.425662994384766,-18.425662994384766,-18.425662994384766,-18.425662994384766,-18.425662994384766,-18.425662994384766,-18.425662994384766,-18.425662994384766,-18.425662994384766,-18.425662994384766,-18.425662994384766,-inf,-inf,-inf,-inf,-inf,-inf,-inf,-inf,-inf,-inf,-inf,-inf,-inf,-inf,-inf,-inf,-inf,-inf,-inf,-inf,-0.000433112756581977,-16.230703353881836
5,-16.68137550354004,-16.68137550354004,-16.68137550354004,-16.68137550354004,-16.68137550354004,-21.366830825805664,-16.68137550354004,-16.68137550354004,-16.68137550354004,-16.68137550354004,-16.68137550354004,-16.68137550354004,-16.68137550354004,-16.68137550354004,-19.240880966186523,-16.68137550354004,-16.68137550354004,-16.68137550354004,-16.68137550354004,-22.047849655151367,-16.68137550354004,-0.030580442398786545,-16.68137550354004,-16.68137550354004,-16.68137550354004,-16.68137550354004,-12.924800872802734,-16.68137550354004,-16.68137550354004,-16.68137550354004,-16.68137550354004,-16.68137550354004,-16.68137550354004,-16.68137550354004,-16.68137550354004,-16.68137550354004,-16.68137550354004,-16.68137550354004,-16.68137550354004,-16.68137550354004,-16.68137550354004,-16.68137550354004,-16.68137550354004,-16.68137550354004,-16.68137550354004,-16.68137550354004,-16.68137550354004,-16.68137550354004,-16.68137550354004,-4.122504234313965,-16.68137550354004,-16.68137550354004,-16.68137550354004,-16.68137550354004,-18.053119659423828,-16.68137550354004,-16.68137550354004,-16.68137550354004,-16.68137550354004,-16.68137550354004,-16.68137550354004,-16.68137550354004,-16.68137550354004,-16.68137550354004,-16.68137550354004,-16.68137550354004,-16.68137550354004,-16.68137550354004,-16.68137550354004,-16.68137550354004,-7.944242477416992,-4.302391052246094,-14.464303970336914,-16.992658615112305,-16.68137550354004,-16.68137550354004,-16.68137550354004,-16.68137550354004,-16.68137550354004,-16.68137550354004,-16.68137550354004,-16.68137550354004,-16.68137550354004,-16.68137550354004,-16.68137550354004,-16.68137550354004,-16.68137550354004,-16.68137550354004,-16.68137550354004,-16.68137550354004,-16.68137550354004,-16.68137550354004,-16.68137550354004,-16.68137550354004,-16.68137550354004,-16.68137550354004,-16.68137550354004,-16.68137550354004,-16.68137550354004,-16.68137550354004,-16.68137550354004,-16.68137550354004,-16.68137550354004,-16.68137550354004,-16.68137550354004,-16.68137550354004,-17.248817443847656,-16.68137550354004,-16.68137550354004,-22.2916316986084,-16.68137550354004,-16.68137550354004,-17.78528594970703,-16.68137550354004,-16.68137550354004,-16.68137550354004,-16.68137550354004,-16.68137550354004,-16.68137550354004,-16.68137550354004,-16.68137550354004,-16.68137550354004,-16.68137550354004,-16.68137550354004,-16.68137550354004,-16.68137550354004,-16.68137550354004,-16.68137550354004,-16.68137550354004,-16.68137550354004,-16.68137550354004,-16.68137550354004,-11.465476036071777,-16.68137550354004,-16.68137550354004,-16.68137550354004,-16.68137550354004,-16.68137550354004,-16.68137550354004,-16.68137550354004,-16.68137550354004,-16.68137550354004,-16.68137550354004,-16.68137550354004,-16.68137550354004,-16.68137550354004,-16.68137550354004,-16.68137550354004,-16.68137550354004,-16.68137550354004,-16.68137550354004,-16.68137550354004,-16.68137550354004,-16.68137550354004,-16.68137550354004,-16.68137550354004,-16.68137550354004,-16.68137550354004,-16.68137550354004,-16.68137550354004,-16.68137550354004,-16.68137550354004,-inf,-inf,-inf,-inf,-inf,-inf,-inf,-inf,-inf,-inf,-inf,-inf,-inf,-inf,-inf,-inf,-inf,-inf,-inf,-inf,-16.68137550354004,-20.32490348815918,-3.9860923290252686,-15.568479537963867,-13.51523208618164,-6.275695323944092,-10.786843299865723,-15.244282722473145,-11.261521339416504,-10.59441089630127,-28.476816177368164,-28.476816177368164,-28.476816177368164,-28.476816177368164,-28.476816177368164,-26.027618408203125,-28.476816177368164,-28.476816177368164,-28.476816177368164,-28.476816177368164,-28.476816177368164,-28.476816177368164,-28.476816177368164,-28.476816177368164,-29.744796752929688,-28.476816177368164,-28.476816177368164,-28.476816177368164,-28.476816177368164,-32.71379470825195,-28.476816177368164,-28.348587036132812,-28.476816177368164,-28.476816177368164,-28.476816177368164,-28.476816177368164,-28.24300765991211,-28.476816177368164,-28.476816177368164,-28.476816177368164,-28.476816177368164,-28.476816177368164,-28.476816177368164,-28.476816177368164,-28.476816177368164,-28.476816177368164,-28.476816177368164,-28.476816177368164,-28.476816177368164,-28.476816177368164,-28.476816177368164,-28.476816177368164,-28.476816177368164,-28.476816177368164,-28.476816177368164,-28.476816177368164,-28.476816177368164,-28.476816177368164,-28.476816177368164,-28.12491226196289,-28.476816177368164,-28.476816177368164,-28.476816177368164,-28.476816177368164,-15.385132789611816,-28.476816177368164,-28.476816177368164,-28.476816177368164,-28.476816177368164,-28.476816177368164,-28.476816177368164,-28.476816177368164,-28.476816177368164,-28.476816177368164,-28.476816177368164,-28.476816177368164,-28.476816177368164,-28.476816177368164,-28.476816177368164,-28.476816177368164,-27.97393035888672,-28.542930603027344,-28.66575050354004,-28.403499603271484,-28.476816177368164,-28.476816177368164,-28.476816177368164,-28.476816177368164,-28.476816177368164,-28.476816177368164,-28.476816177368164,-28.476816177368164,-28.476816177368164,-28.476816177368164,-28.476816177368164,-28.476816177368164,-28.476816177368164,-28.476816177368164,-28.476816177368164,-28.476816177368164,-28.476816177368164,-28.476816177368164,-28.476816177368164,-28.476816177368164,-28.476816177368164,-28.476816177368164,-28.476816177368164,-28.476816177368164,-28.476816177368164,-28.476816177368164,-28.476816177368164,-28.476816177368164,-28.476816177368164,-28.476816177368164,-28.476816177368164,-28.476816177368164,-28.66823387145996,-28.476816177368164,-28.476816177368164,-28.15394401550293,-28.476816177368164,-28.476816177368164,-0.0006319671520031989,-28.476816177368164,-28.476816177368164,-28.476816177368164,-28.476816177368164,-28.476816177368164,-28.476816177368164,-28.476816177368164,-28.476816177368164,-28.476816177368164,-28.476816177368164,-28.476816177368164,-28.476816177368164,-28.476816177368164,-28.476816177368164,-28.476816177368164,-28.476816177368164,-28.476816177368164,-28.476816177368164,-28.476816177368164,-29.184175491333008,-28.476816177368164,-28.476816177368164,-28.476816177368164,-28.476816177368164,-28.476816177368164,-28.476816177368164,-28.476816177368164,-28.476816177368164,-28.476816177368164,-28.476816177368164,-28.476816177368164,-28.476816177368164,-28.476816177368164,-28.476816177368164,-28.476816177368164,-28.476816177368164,-28.476816177368164,-28.476816177368164,-28.476816177368164,-28.476816177368164,-28.476816177368164,-28.476816177368164,-28.476816177368164,-28.476816177368164,-28.476816177368164,-28.476816177368164,-28.476816177368164,-28.476816177368164,-28.476816177368164,-inf,-inf,-inf,-inf,-inf,-inf,-inf,-inf,-inf,-inf,-inf,-inf,-inf,-inf,-inf,-inf,-inf,-inf,-inf,-inf,-7.367224216461182,-29.08798599243164,-20.81987762451172,-20.81987762451172,-20.81987762451172,-20.81987762451172,-20.81987762451172,-27.437551498413086,-20.81987762451172,-20.81987762451172,-20.81987762451172,-20.81987762451172,-20.81987762451172,-20.81987762451172,-20.81987762451172,-20.81987762451172,-20.946331024169922,-20.81987762451172,-20.81987762451172,-20.81987762451172,-20.81987762451172,-12.58799934387207,-20.81987762451172,-20.955934524536133,-20.81987762451172,-20.81987762451172,-20.81987762451172,-20.81987762451172,-20.993804931640625,-20.81987762451172,-20.81987762451172,-20.81987762451172,-20.81987762451172,-20.81987762451172,-20.81987762451172,-20.81987762451172,-20.81987762451172,-20.81987762451172,-20.81987762451172,-20.81987762451172,-20.81987762451172,-20.81987762451172,-20.81987762451172,-20.81987762451172,-20.81987762451172,-20.81987762451172,-20.81987762451172,-20.81987762451172,-20.81987762451172,-20.81987762451172,-20.81987762451172,-21.28533363342285,-20.81987762451172,-20.81987762451172,-20.81987762451172,-20.81987762451172,-21.139245986938477,-20.81987762451172,-20.81987762451172,-20.81987762451172,-20.81987762451172,-20.81987762451172,-20.81987762451172,-20.81987762451172,-20.81987762451172,-20.81987762451172,-20.81987762451172,-20.81987762451172,-20.81987762451172,-20.81987762451172,-20.81987762451172,-20.81987762451172,-20.154556274414062,-21.350845336914062,-20.59406852722168,-5.189909934997559,-20.81987762451172,-20.81987762451172,-20.81987762451172,-20.81987762451172,-20.81987762451172,-20.81987762451172,-20.81987762451172,-20.81987762451172,-20.81987762451172,-20.81987762451172,-20.81987762451172,-20.81987762451172,-20.81987762451172,-20.81987762451172,-20.81987762451172,-20.81987762451172,-20.81987762451172,-20.81987762451172,-20.81987762451172,-20.81987762451172,-20.81987762451172,-20.81987762451172,-20.81987762451172,-20.81987762451172,-20.81987762451172,-20.81987762451172,-20.81987762451172,-20.81987762451172,-20.81987762451172,-20.81987762451172,-20.81987762451172,-20.81987762451172,-25.535411834716797,-20.81987762451172,-20.81987762451172,-19.981416702270508,-20.81987762451172,-20.81987762451172,-21.336774826049805,-20.81987762451172,-20.81987762451172,-20.81987762451172,-20.81987762451172,-20.81987762451172,-20.81987762451172,-20.81987762451172,-20.81987762451172,-20.81987762451172,-20.81987762451172,-20.81987762451172,-20.81987762451172,-20.81987762451172,-20.81987762451172,-20.81987762451172,-20.81987762451172,-20.81987762451172,-20.81987762451172,-20.81987762451172,-20.596519470214844,-20.81987762451172,-20.81987762451172,-20.81987762451172,-20.81987762451172,-20.81987762451172,-20.81987762451172,-20.81987762451172,-20.81987762451172,-20.81987762451172,-20.81987762451172,-20.81987762451172,-20.81987762451172,-20.81987762451172,-20.81987762451172,-20.81987762451172,-20.81987762451172,-20.81987762451172,-20.81987762451172,-20.81987762451172,-20.81987762451172,-20.81987762451172,-20.81987762451172,-20.81987762451172,-20.81987762451172,-20.81987762451172,-20.81987762451172,-20.81987762451172,-20.81987762451172,-20.81987762451172,-inf,-inf,-inf,-inf,-inf,-inf,-inf,-inf,-inf,-inf,-inf,-inf,-inf,-inf,-inf,-inf,-inf,-inf,-inf,-inf,-0.005591585300862789,-18.840539932250977
6,-20.823413848876953,-20.823413848876953,-20.823413848876953,-20.823413848876953,-20.823413848876953,-24.66844940185547,-20.823413848876953,-20.823413848876953,-20.823413848876953,-20.823413848876953,-20.823413848876953,-20.823413848876953,-20.823413848876953,-20.823413848876953,-20.90731430053711,-20.823413848876953,-20.823413848876953,-20.823413848876953,-20.823413848876953,-27.47418785095215,-20.823413848876953,-8.74350357055664,-20.823413848876953,-20.823413848876953,-20.823413848876953,-20.823413848876953,-12.247041702270508,-20.823413848876953,-20.823413848876953,-20.823413848876953,-20.823413848876953,-20.823413848876953,-20.823413848876953,-20.823413848876953,-20.823413848876953,-20.823413848876953,-20.823413848876953,-20.823413848876953,-20.823413848876953,-20.823413848876953,-20.823413848876953,-20.823413848876953,-20.823413848876953,-20.823413848876953,-20.823413848876953,-20.823413848876953,-20.823413848876953,-20.823413848876953,-20.823413848876953,-9.449786186218262,-20.823413848876953,-20.823413848876953,-20.823413848876953,-20.823413848876953,-21.539939880371094,-20.823413848876953,-20.823413848876953,-20.823413848876953,-20.823413848876953,-20.823413848876953,-20.823413848876953,-20.823413848876953,-20.823413848876953,-20.823413848876953,-20.823413848876953,-20.823413848876953,-20.823413848876953,-20.823413848876953,-20.823413848876953,-20.823413848876953,-0.00024780540843494236,-13.272623062133789,-14.30920124053955,-20.684253692626953,-20.823413848876953,-20.823413848876953,-20.823413848876953,-20.823413848876953,-20.823413848876953,-20.823413848876953,-20.823413848876953,-20.823413848876953,-20.823413848876953,-20.823413848876953,-20.823413848876953,-20.823413848876953,-20.823413848876953,-20.823413848876953,-20.823413848876953,-20.823413848876953,-20.823413848876953,-20.823413848876953,-20.823413848876953,-20.823413848876953,-20.823413848876953,-20.823413848876953,-20.823413848876953,-20.823413848876953,-20.823413848876953,-20.823413848876953,-20.823413848876953,-20.823413848876953,-20.823413848876953,-20.823413848876953,-20.823413848876953,-20.823413848876953,-21.102357864379883,-20.823413848876953,-20.823413848876953,-25.791669845581055,-20.823413848876953,-20.823413848876953,-21.89907455444336,-20.823413848876953,-20.823413848876953,-20.823413848876953,-20.823413848876953,-20.823413848876953,-20.823413848876953,-20.823413848876953,-20.823413848876953,-20.823413848876953,-20.823413848876953,-20.823413848876953,-20.823413848876953,-20.823413848876953,-20.823413848876953,-20.823413848876953,-20.823413848876953,-20.823413848876953,-20.823413848876953,-20.823413848876953,-12.99135971069336,-20.823413848876953,-20.823413848876953,-20.823413848876953,-20.823413848876953,-20.823413848876953,-20.823413848876953,-20.823413848876953,-20.823413848876953,-20.823413848876953,-20.823413848876953,-20.823413848876953,-20.823413848876953,-20.823413848876953,-20.823413848876953,-20.823413848876953,-20.823413848876953,-20.823413848876953,-20.823413848876953,-20.823413848876953,-20.823413848876953,-20.823413848876953,-20.823413848876953,-20.823413848876953,-20.823413848876953,-20.823413848876953,-20.823413848876953,-20.823413848876953,-20.823413848876953,-20.823413848876953,-inf,-inf,-inf,-inf,-inf,-inf,-inf,-inf,-inf,-inf,-inf,-inf,-inf,-inf,-inf,-inf,-inf,-inf,-inf,-inf,-20.823413848876953,-24.83544921875,-4.958596706390381,-18.143850326538086,-12.115099906921387,-7.104625225067139,-12.862320899963379,-13.963552474975586,-10.750123977661133,-10.466824531555176,-29.471567153930664,-29.471567153930664,-29.471567153930664,-29.471567153930664,-29.471567153930664,-27.141151428222656,-29.471567153930664,-29.471567153930664,-29.471567153930664,-29.471567153930664,-29.471567153930664,-29.471567153930664,-29.471567153930664,-29.471567153930664,-30.309770584106445,-29.471567153930664,-29.471567153930664,-29.471567153930664,-29.471567153930664,-31.00820541381836,-29.471567153930664,-25.761404037475586,-29.471567153930664,-29.471567153930664,-29.471567153930664,-29.471567153930664,-29.22148323059082,-29.471567153930664,-29.471567153930664,-29.471567153930664,-29.471567153930664,-29.471567153930664,-29.471567153930664,-29.471567153930664,-29.471567153930664,-29.471567153930664,-29.471567153930664,-29.471567153930664,-29.471567153930664,-29.471567153930664,-29.471567153930664,-29.471567153930664,-29.471567153930664,-29.471567153930664,-29.471567153930664,-29.471567153930664,-29.471567153930664,-29.471567153930664,-29.471567153930664,-29.401905059814453,-29.471567153930664,-29.471567153930664,-29.471567153930664,-29.471567153930664,-17.882204055786133,-29.471567153930664,-29.471567153930664,-29.471567153930664,-29.471567153930664,-29.471567153930664,-29.471567153930664,-29.471567153930664,-29.471567153930664,-29.471567153930664,-29.471567153930664,-29.471567153930664,-29.471567153930664,-29.471567153930664,-29.471567153930664,-29.471567153930664,-28.502527236938477,-26.03034019470215,-29.678503036499023,-29.938133239746094,-29.471567153930664,-29.471567153930664,-29.471567153930664,-29.471567153930664,-29.471567153930664,-29.471567153930664,-29.471567153930664,-29.471567153930664,-29.471567153930664,-29.471567153930664,-29.471567153930664,-29.471567153930664,-29.471567153930664,-29.471567153930664,-29.471567153930664,-29.471567153930664,-29.471567153930664,-29.471567153930664,-29.471567153930664,-29.471567153930664,-29.471567153930664,-29.471567153930664,-29.471567153930664,-29.471567153930664,-29.471567153930664,-29.471567153930664,-29.471567153930664,-29.471567153930664,-29.471567153930664,-29.471567153930664,-29.471567153930664,-29.471567153930664,-29.746261596679688,-29.471567153930664,-29.471567153930664,-29.227981567382812,-29.471567153930664,-29.471567153930664,-8.779994010925293,-29.471567153930664,-29.471567153930664,-29.471567153930664,-29.471567153930664,-29.471567153930664,-29.471567153930664,-29.471567153930664,-29.471567153930664,-29.471567153930664,-29.471567153930664,-29.471567153930664,-29.471567153930664,-29.471567153930664,-29.471567153930664,-29.471567153930664,-29.471567153930664,-29.471567153930664,-29.471567153930664,-29.471567153930664,-30.384258270263672,-29.471567153930664,-29.471567153930664,-29.471567153930664,-29.471567153930664,-29.471567153930664,-29.471567153930664,-29.471567153930664,-29.471567153930664,-29.471567153930664,-29.471567153930664,-29.471567153930664,-29.471567153930664,-29.471567153930664,-29.471567153930664,-29.471567153930664,-29.471567153930664,-29.471567153930664,-29.471567153930664,-29.471567153930664,-29.471567153930664,-29.471567153930664,-29.471567153930664,-29.471567153930664,-29.471567153930664,-29.471567153930664,-29.471567153930664,-29.471567153930664,-29.471567153930664,-29.471567153930664,-inf,-inf,-inf,-inf,-inf,-inf,-inf,-inf,-inf,-inf,-inf,-inf,-inf,-inf,-inf,-inf,-inf,-inf,-inf,-inf,-0.00015376816736534238,-30.24235725402832,-22.032470703125,-22.032470703125,-22.032470703125,-22.032470703125,-22.032470703125,-28.603639602661133,-22.032470703125,-22.032470703125,-22.032470703125,-22.032470703125,-22.032470703125,-22.032470703125,-22.032470703125,-22.032470703125,-22.15625,-22.032470703125,-22.032470703125,-22.032470703125,-22.032470703125,-6.593538284301758,-22.032470703125,-22.10446548461914,-22.032470703125,-22.032470703125,-22.032470703125,-22.032470703125,-22.42363929748535,-22.032470703125,-22.032470703125,-22.032470703125,-22.032470703125,-22.032470703125,-22.032470703125,-22.032470703125,-22.032470703125,-22.032470703125,-22.032470703125,-22.032470703125,-22.032470703125,-22.032470703125,-22.032470703125,-22.032470703125,-22.032470703125,-22.032470703125,-22.032470703125,-22.032470703125,-22.032470703125,-22.032470703125,-22.032470703125,-22.720062255859375,-22.032470703125,-22.032470703125,-22.032470703125,-22.032470703125,-22.50102996826172,-22.032470703125,-22.032470703125,-22.032470703125,-22.032470703125,-22.032470703125,-22.032470703125,-22.032470703125,-22.032470703125,-22.032470703125,-22.032470703125,-22.032470703125,-22.032470703125,-22.032470703125,-22.032470703125,-22.032470703125,-20.983436584472656,-22.679752349853516,-21.51014518737793,-0.001958834705874324,-22.032470703125,-22.032470703125,-22.032470703125,-22.032470703125,-22.032470703125,-22.032470703125,-22.032470703125,-22.032470703125,-22.032470703125,-22.032470703125,-22.032470703125,-22.032470703125,-22.032470703125,-22.032470703125,-22.032470703125,-22.032470703125,-22.032470703125,-22.032470703125,-22.032470703125,-22.032470703125,-22.032470703125,-22.032470703125,-22.032470703125,-22.032470703125,-22.032470703125,-22.032470703125,-22.032470703125,-22.032470703125,-22.032470703125,-22.032470703125,-22.032470703125,-22.032470703125,-26.885520935058594,-22.032470703125,-22.032470703125,-21.474571228027344,-22.032470703125,-22.032470703125,-22.566699981689453,-22.032470703125,-22.032470703125,-22.032470703125,-22.032470703125,-22.032470703125,-22.032470703125,-22.032470703125,-22.032470703125,-22.032470703125,-22.032470703125,-22.032470703125,-22.032470703125,-22.032470703125,-22.032470703125,-22.032470703125,-22.032470703125,-22.032470703125,-22.032470703125,-22.032470703125,-22.006216049194336,-22.032470703125,-22.032470703125,-22.032470703125,-22.032470703125,-22.032470703125,-22.032470703125,-22.032470703125,-22.032470703125,-22.032470703125,-22.032470703125,-22.032470703125,-22.032470703125,-22.032470703125,-22.032470703125,-22.032470703125,-22.032470703125,-22.032470703125,-22.032470703125,-22.032470703125,-22.032470703125,-22.032470703125,-22.032470703125,-22.032470703125,-22.032470703125,-22.032470703125,-22.032470703125,-22.032470703125,-22.032470703125,-22.032470703125,-inf,-inf,-inf,-inf,-inf,-inf,-inf,-inf,-inf,-inf,-inf,-inf,-inf,-inf,-inf,-inf,-inf,-inf,-inf,-inf,-7.439274787902832,-21.388643264770508
7,-17.71254539489746,-17.71254539489746,-17.71254539489746,-17.71254539489746,-17.71254539489746,-20.68215560913086,-17.71254539489746,-17.71254539489746,-17.71254539489746,-17.71254539489746,-17.71254539489746,-17.71254539489746,-17.71254539489746,-17.71254539489746,-0.13206493854522705,-17.71254539489746,-17.71254539489746,-17.71254539489746,-17.71254539489746,-22.385417938232422,-17.71254539489746,-13.32838249206543,-17.71254539489746,-17.71254539489746,-17.71254539489746,-17.71254539489746,-13.023305892944336,-17.71254539489746,-17.71254539489746,-17.71254539489746,-17.71254539489746,-17.71254539489746,-17.71254539489746,-17.71254539489746,-17.71254539489746,-17.71254539489746,-17.71254539489746,-17.71254539489746,-17.71254539489746,-17.71254539489746,-17.71254539489746,-17.71254539489746,-17.71254539489746,-17.71254539489746,-17.71254539489746,-17.71254539489746,-17.71254539489746,-17.71254539489746,-17.71254539489746,-2.2914981842041016,-17.71254539489746,-17.71254539489746,-17.71254539489746,-17.71254539489746,-17.960281372070312,-17.71254539489746,-17.71254539489746,-17.71254539489746,-17.71254539489746,-17.71254539489746,-17.71254539489746,-17.71254539489746,-17.71254539489746,-17.71254539489746,-17.71254539489746,-17.71254539489746,-17.71254539489746,-17.71254539489746,-17.71254539489746,-17.71254539489746,-9.471169471740723,-10.529979705810547,-15.856429100036621,-17.545194625854492,-17.71254539489746,-17.71254539489746,-17.71254539489746,-17.71254539489746,-17.71254539489746,-17.71254539489746,-17.71254539489746,-17.71254539489746,-17.71254539489746,-17.71254539489746,-17.71254539489746,-17.71254539489746,-17.71254539489746,-17.71254539489746,-17.71254539489746,-17.71254539489746,-17.71254539489746,-17.71254539489746,-17.71254539489746,-17.71254539489746,-17.71254539489746,-17.71254539489746,-17.71254539489746,-17.71254539489746,-17.71254539489746,-17.71254539489746,-17.71254539489746,-17.71254539489746,-17.71254539489746,-17.71254539489746,-17.71254539489746,-17.71254539489746,-18.00872802734375,-17.71254539489746,-17.71254539489746,-21.199983596801758,-17.71254539489746,-17.71254539489746,-18.345800399780273,-17.71254539489746,-17.71254539489746,-17.71254539489746,-17.71254539489746,-17.71254539489746,-17.71254539489746,-17.71254539489746,-17.71254539489746,-17.71254539489746,-17.71254539489746,-17.71254539489746,-17.71254539489746,-17.71254539489746,-17.71254539489746,-17.71254539489746,-17.71254539489746,-17.71254539489746,-17.71254539489746,-17.71254539489746,-3.7946834564208984,-17.71254539489746,-17.71254539489746,-17.71254539489746,-17.71254539489746,-17.71254539489746,-17.71254539489746,-17.71254539489746,-17.71254539489746,-17.71254539489746,-17.71254539489746,-17.71254539489746,-17.71254539489746,-17.71254539489746,-17.71254539489746,-17.71254539489746,-17.71254539489746,-17.71254539489746,-17.71254539489746,-17.71254539489746,-17.71254539489746,-17.71254539489746,-17.71254539489746,-17.71254539489746,-17.71254539489746,-17.71254539489746,-17.71254539489746,-17.71254539489746,-17.71254539489746,-17.71254539489746,-inf,-inf,-inf,-inf,-inf,-inf,-inf,-inf,-inf,-inf,-inf,-inf,-inf,-inf,-inf,-inf,-inf,-inf,-inf,-inf,-17.71254539489746,-21.490171432495117,-11.417703628540039,-17.23076629638672,-12.652417182922363,-12.043994903564453,-12.881487846374512,-12.642191886901855,-9.064835548400879,-10.195152282714844,-35.880699157714844,-35.880699157714844,-35.880699157714844,-35.880699157714844,-35.880699157714844,-31.909833908081055,-35.880699157714844,-35.880699157714844,-35.880699157714844,-35.880699157714844,-35.880699157714844,-35.880699157714844,-35.880699157714844,-35.880699157714844,-36.40144729614258,-35.880699157714844,-35.880699157714844,-35.880699157714844,-35.880699157714844,-35.99235916137695,-35.880699157714844,-28.908985137939453,-35.880699157714844,-35.880699157714844,-35.880699157714844,-35.880699157714844,-35.73462677001953,-35.880699157714844,-35.880699157714844,-35.880699157714844,-35.880699157714844,-35.880699157714844,-35.880699157714844,-35.880699157714844,-35.880699157714844,-35.880699157714844,-35.880699157714844,-35.880699157714844,-35.880699157714844,-35.880699157714844,-35.880699157714844,-35.880699157714844,-35.880699157714844,-35.880699157714844,-35.880699157714844,-35.880699157714844,-35.880699157714844,-35.880699157714844,-35.880699157714844,-35.897552490234375,-35.880699157714844,-35.880699157714844,-35.880699157714844,-35.880699157714844,-28.92699432373047,-35.880699157714844,-35.880699157714844,-35.880699157714844,-35.880699157714844,-35.880699157714844,-35.880699157714844,-35.880699157714844,-35.880699157714844,-35.880699157714844,-35.880699157714844,-35.880699157714844,-35.880699157714844,-35.880699157714844,-35.880699157714844,-35.880699157714844,-34.72010040283203,-29.18328094482422,-36.322410583496094,-36.50303649902344,-35.880699157714844,-35.880699157714844,-35.880699157714844,-35.880699157714844,-35.880699157714844,-35.880699157714844,-35.880699157714844,-35.880699157714844,-35.880699157714844,-35.880699157714844,-35.880699157714844,-35.880699157714844,-35.880699157714844,-35.880699157714844,-35.880699157714844,-35.880699157714844,-35.880699157714844,-35.880699157714844,-35.880699157714844,-35.880699157714844,-35.880699157714844,-35.880699157714844,-35.880699157714844,-35.880699157714844,-35.880699157714844,-35.880699157714844,-35.880699157714844,-35.880699157714844,-35.880699157714844,-35.880699157714844,-35.880699157714844,-35.880699157714844,-36.20554733276367,-35.880699157714844,-35.880699157714844,-35.53675842285156,-35.880699157714844,-35.880699157714844,-23.311222076416016,-35.880699157714844,-35.880699157714844,-35.880699157714844,-35.880699157714844,-35.880699157714844,-35.880699157714844,-35.880699157714844,-35.880699157714844,-35.880699157714844,-35.880699157714844,-35.880699157714844,-35.880699157714844,-35.880699157714844,-35.880699157714844,-35.880699157714844,-35.880699157714844,-35.880699157714844,-35.880699157714844,-35.880699157714844,-36.67301559448242,-35.880699157714844,-35.880699157714844,-35.880699157714844,-35.880699157714844,-35.880699157714844,-35.880699157714844,-35.880699157714844,-35.880699157714844,-35.880699157714844,-35.880699157714844,-35.880699157714844,-35.880699157714844,-35.880699157714844,-35.880699157714844,-35.880699157714844,-35.880699157714844,-35.880699157714844,-35.880699157714844,-35.880699157714844,-35.880699157714844,-35.880699157714844,-35.880699157714844,-35.880699157714844,-35.880699157714844,-35.880699157714844,-35.880699157714844,-35.880699157714844,-35.880699157714844,-35.880699157714844,-inf,-inf,-inf,-inf,-inf,-inf,-inf,-inf,-inf,-inf,-inf,-inf,-inf,-inf,-inf,-inf,-inf,-inf,-inf,-inf,0.0,-35.83737564086914,-27.063983917236328,-27.063983917236328,-27.063983917236328,-27.063983917236328,-27.063983917236328,-31.07817268371582,-27.063983917236328,-27.063983917236328,-27.063983917236328,-27.063983917236328,-27.063983917236328,-27.063983917236328,-27.063983917236328,-27.063983917236328,-26.879863739013672,-27.063983917236328,-27.063983917236328,-27.063983917236328,-27.063983917236328,-0.00014125302550382912,-27.063983917236328,-26.994300842285156,-27.063983917236328,-27.063983917236328,-27.063983917236328,-27.063983917236328,-27.43867301940918,-27.063983917236328,-27.063983917236328,-27.063983917236328,-27.063983917236328,-27.063983917236328,-27.063983917236328,-27.063983917236328,-27.063983917236328,-27.063983917236328,-27.063983917236328,-27.063983917236328,-27.063983917236328,-27.063983917236328,-27.063983917236328,-27.063983917236328,-27.063983917236328,-27.063983917236328,-27.063983917236328,-27.063983917236328,-27.063983917236328,-27.063983917236328,-27.063983917236328,-27.675039291381836,-27.063983917236328,-27.063983917236328,-27.063983917236328,-27.063983917236328,-27.598297119140625,-27.063983917236328,-27.063983917236328,-27.063983917236328,-27.063983917236328,-27.063983917236328,-27.063983917236328,-27.063983917236328,-27.063983917236328,-27.063983917236328,-27.063983917236328,-27.063983917236328,-27.063983917236328,-27.063983917236328,-27.063983917236328,-27.063983917236328,-26.210405349731445,-27.26648712158203,-26.490983963012695,-8.865028381347656,-27.063983917236328,-27.063983917236328,-27.063983917236328,-27.063983917236328,-27.063983917236328,-27.063983917236328,-27.063983917236328,-27.063983917236328,-27.063983917236328,-27.063983917236328,-27.063983917236328,-27.063983917236328,-27.063983917236328,-27.063983917236328,-27.063983917236328,-27.063983917236328,-27.063983917236328,-27.063983917236328,-27.063983917236328,-27.063983917236328,-27.063983917236328,-27.063983917236328,-27.063983917236328,-27.063983917236328,-27.063983917236328,-27.063983917236328,-27.063983917236328,-27.063983917236328,-27.063983917236328,-27.063983917236328,-27.063983917236328,-27.063983917236328,-32.215030670166016,-27.063983917236328,-27.063983917236328,-26.891496658325195,-27.063983917236328,-27.063983917236328,-27.481889724731445,-27.063983917236328,-27.063983917236328,-27.063983917236328,-27.063983917236328,-27.063983917236328,-27.063983917236328,-27.063983917236328,-27.063983917236328,-27.063983917236328,-27.063983917236328,-27.063983917236328,-27.063983917236328,-27.063983917236328,-27.063983917236328,-27.063983917236328,-27.063983917236328,-27.063983917236328,-27.063983917236328,-27.063983917236328,-27.00551414489746,-27.063983917236328,-27.063983917236328,-27.063983917236328,-27.063983917236328,-27.063983917236328,-27.063983917236328,-27.063983917236328,-27.063983917236328,-27.063983917236328,-27.063983917236328,-27.063983917236328,-27.063983917236328,-27.063983917236328,-27.063983917236328,-27.063983917236328,-27.063983917236328,-27.063983917236328,-27.063983917236328,-27.063983917236328,-27.063983917236328,-27.063983917236328,-27.063983917236328,-27.063983917236328,-27.063983917236328,-27.063983917236328,-27.063983917236328,-27.063983917236328,-27.063983917236328,-27.063983917236328,-inf,-inf,-inf,-inf,-inf,-inf,-inf,-inf,-inf,-inf,-inf,-inf,-inf,-inf,-inf,-inf,-inf,-inf,-inf,-inf,-20.142345428466797,-26.81024169921875
8,-14.530618667602539,-14.530618667602539,-14.530618667602539,-14.530618667602539,-14.530618667602539,-18.059846878051758,-14.530618667602539,-14.530618667602539,-14.530618667602539,-14.530618667602539,-14.530618667602539,-14.530618667602539,-14.530618667602539,-14.530618667602539,-2.717257022857666,-14.530618667602539,-14.530618667602539,-14.530618667602539,-14.530618667602539,-20.157161712646484,-14.530618667602539,-9.993719100952148,-14.530618667602539,-14.530618667602539,-14.530618667602539,-14.530618667602539,-2.5980191230773926,-14.530618667602539,-14.530618667602539,-14.530618667602539,-14.530618667602539,-14.530618667602539,-14.530618667602539,-14.530618667602539,-14.530618667602539,-14.530618667602539,-14.530618667602539,-14.530618667602539,-14.530618667602539,-14.530618667602539,-14.530618667602539,-14.530618667602539,-14.530618667602539,-14.530618667602539,-14.530618667602539,-14.530618667602539,-14.530618667602539,-14.530618667602539,-14.530618667602539,-1.6605886220932007,-14.530618667602539,-14.530618667602539,-14.530618667602539,-14.530618667602539,-15.053995132446289,-14.530618667602539,-14.530618667602539,-14.530618667602539,-14.530618667602539,-14.530618667602539,-14.530618667602539,-14.530618667602539,-14.530618667602539,-14.530618667602539,-14.530618667602539,-14.530618667602539,-14.530618667602539,-14.530618667602539,-14.530618667602539,-14.530618667602539,-1.313275694847107,-11.138551712036133,-5.558311939239502,-14.55334758758545,-14.530618667602539,-14.530618667602539,-14.530618667602539,-14.530618667602539,-14.530618667602539,-14.530618667602539,-14.530618667602539,-14.530618667602539,-14.530618667602539,-14.530618667602539,-14.530618667602539,-14.530618667602539,-14.530618667602539,-14.530618667602539,-14.530618667602539,-14.530618667602539,-14.530618667602539,-14.530618667602539,-14.530618667602539,-14.530618667602539,-14.530618667602539,-14.530618667602539,-14.530618667602539,-14.530618667602539,-14.530618667602539,-14.530618667602539,-14.530618667602539,-14.530618667602539,-14.530618667602539,-14.530618667602539,-14.530618667602539,-14.530618667602539,-14.822595596313477,-14.530618667602539,-14.530618667602539,-16.421743392944336,-14.530618667602539,-14.530618667602539,-15.408231735229492,-14.530618667602539,-14.530618667602539,-14.530618667602539,-14.530618667602539,-14.530618667602539,-14.530618667602539,-14.530618667602539,-14.530618667602539,-14.530618667602539,-14.530618667602539,-14.530618667602539,-14.530618667602539,-14.530618667602539,-14.530618667602539,-14.530618667602539,-14.530618667602539,-14.530618667602539,-14.530618667602539,-14.530618667602539,-0.9249290227890015,-14.530618667602539,-14.530618667602539,-14.530618667602539,-14.530618667602539,-14.530618667602539,-14.530618667602539,-14.530618667602539,-14.530618667602539,-14.530618667602539,-14.530618667602539,-14.530618667602539,-14.530618667602539,-14.530618667602539,-14.530618667602539,-14.530618667602539,-14.530618667602539,-14.530618667602539,-14.530618667602539,-14.530618667602539,-14.530618667602539,-14.530618667602539,-14.530618667602539,-14.530618667602539,-14.530618667602539,-14.530618667602539,-14.530618667602539,-14.530618667602539,-14.530618667602539,-14.530618667602539,-inf,-inf,-inf,-inf,-inf,-inf,-inf,-inf,-inf,-inf,-inf,-inf,-inf,-inf,-inf,-inf,-inf,-inf,-inf,-inf,-14.530618667602539,-18.6341609954834,-14.922378540039062,-15.637664794921875,-11.419279098510742,-13.816446304321289,-13.654980659484863,-11.380484580993652,-8.742391586303711,-9.954824447631836,-31.307621002197266,-31.307621002197266,-31.307621002197266,-31.307621002197266,-31.307621002197266,-26.164987564086914,-31.307621002197266,-31.307621002197266,-31.307621002197266,-31.307621002197266,-31.307621002197266,-31.307621002197266,-31.307621002197266,-31.307621002197266,-31.761899948120117,-31.307621002197266,-31.307621002197266,-31.307621002197266,-31.307621002197266,-31.077613830566406,-31.307621002197266,-21.014461517333984,-31.307621002197266,-31.307621002197266,-31.307621002197266,-31.307621002197266,-30.991958618164062,-31.307621002197266,-31.307621002197266,-31.307621002197266,-31.307621002197266,-31.307621002197266,-31.307621002197266,-31.307621002197266,-31.307621002197266,-31.307621002197266,-31.307621002197266,-31.307621002197266,-31.307621002197266,-31.307621002197266,-31.307621002197266,-31.307621002197266,-31.307621002197266,-31.307621002197266,-31.307621002197266,-31.307621002197266,-31.307621002197266,-31.307621002197266,-31.307621002197266,-31.449405670166016,-31.307621002197266,-31.307621002197266,-31.307621002197266,-31.307621002197266,-26.32201385498047,-31.307621002197266,-31.307621002197266,-31.307621002197266,-31.307621002197266,-31.307621002197266,-31.307621002197266,-31.307621002197266,-31.307621002197266,-31.307621002197266,-31.307621002197266,-31.307621002197266,-31.307621002197266,-31.307621002197266,-31.307621002197266,-31.307621002197266,-30.156213760375977,-21.80565643310547,-31.79046058654785,-31.92595863342285,-31.307621002197266,-31.307621002197266,-31.307621002197266,-31.307621002197266,-31.307621002197266,-31.307621002197266,-31.307621002197266,-31.307621002197266,-31.307621002197266,-31.307621002197266,-31.307621002197266,-31.307621002197266,-31.307621002197266,-31.307621002197266,-31.307621002197266,-31.307621002197266,-31.307621002197266,-31.307621002197266,-31.307621002197266,-31.307621002197266,-31.307621002197266,-31.307621002197266,-31.307621002197266,-31.307621002197266,-31.307621002197266,-31.307621002197266,-31.307621002197266,-31.307621002197266,-31.307621002197266,-31.307621002197266,-31.307621002197266,-31.307621002197266,-31.29869842529297,-31.307621002197266,-31.307621002197266,-31.079883575439453,-31.307621002197266,-31.307621002197266,-22.70473289489746,-31.307621002197266,-31.307621002197266,-31.307621002197266,-31.307621002197266,-31.307621002197266,-31.307621002197266,-31.307621002197266,-31.307621002197266,-31.307621002197266,-31.307621002197266,-31.307621002197266,-31.307621002197266,-31.307621002197266,-31.307621002197266,-31.307621002197266,-31.307621002197266,-31.307621002197266,-31.307621002197266,-31.307621002197266,-32.02797317504883,-31.307621002197266,-31.307621002197266,-31.307621002197266,-31.307621002197266,-31.307621002197266,-31.307621002197266,-31.307621002197266,-31.307621002197266,-31.307621002197266,-31.307621002197266,-31.307621002197266,-31.307621002197266,-31.307621002197266,-31.307621002197266,-31.307621002197266,-31.307621002197266,-31.307621002197266,-31.307621002197266,-31.307621002197266,-31.307621002197266,-31.307621002197266,-31.307621002197266,-31.307621002197266,-31.307621002197266,-31.307621002197266,-31.307621002197266,-31.307621002197266,-31.307621002197266,-31.307621002197266,-inf,-inf,-inf,-inf,-inf,-inf,-inf,-inf,-inf,-inf,-inf,-inf,-inf,-inf,-inf,-inf,-inf,-inf,-inf,-inf,0.0,-32.43040466308594,-26.837045669555664,-26.837045669555664,-26.837045669555664,-26.837045669555664,-26.837045669555664,-29.63825035095215,-26.837045669555664,-26.837045669555664,-26.837045669555664,-26.837045669555664,-26.837045669555664,-26.837045669555664,-26.837045669555664,-26.837045669555664,-26.99774742126465,-26.837045669555664,-26.837045669555664,-26.837045669555664,-26.837045669555664,-1.0609570381348021e-05,-26.837045669555664,-26.818500518798828,-26.837045669555664,-26.837045669555664,-26.837045669555664,-26.837045669555664,-27.3490047454834,-26.837045669555664,-26.837045669555664,-26.837045669555664,-26.837045669555664,-26.837045669555664,-26.837045669555664,-26.837045669555664,-26.837045669555664,-26.837045669555664,-26.837045669555664,-26.837045669555664,-26.837045669555664,-26.837045669555664,-26.837045669555664,-26.837045669555664,-26.837045669555664,-26.837045669555664,-26.837045669555664,-26.837045669555664,-26.837045669555664,-26.837045669555664,-26.837045669555664,-28.17681312561035,-26.837045669555664,-26.837045669555664,-26.837045669555664,-26.837045669555664,-27.35465431213379,-26.837045669555664,-26.837045669555664,-26.837045669555664,-26.837045669555664,-26.837045669555664,-26.837045669555664,-26.837045669555664,-26.837045669555664,-26.837045669555664,-26.837045669555664,-26.837045669555664,-26.837045669555664,-26.837045669555664,-26.837045669555664,-26.837045669555664,-25.68182373046875,-27.176128387451172,-26.106021881103516,-11.4484281539917,-26.837045669555664,-26.837045669555664,-26.837045669555664,-26.837045669555664,-26.837045669555664,-26.837045669555664,-26.837045669555664,-26.837045669555664,-26.837045669555664,-26.837045669555664,-26.837045669555664,-26.837045669555664,-26.837045669555664,-26.837045669555664,-26.837045669555664,-26.837045669555664,-26.837045669555664,-26.837045669555664,-26.837045669555664,-26.837045669555664,-26.837045669555664,-26.837045669555664,-26.837045669555664,-26.837045669555664,-26.837045669555664,-26.837045669555664,-26.837045669555664,-26.837045669555664,-26.837045669555664,-26.837045669555664,-26.837045669555664,-26.837045669555664,-31.3602294921875,-26.837045669555664,-26.837045669555664,-26.575857162475586,-26.837045669555664,-26.837045669555664,-27.190946578979492,-26.837045669555664,-26.837045669555664,-26.837045669555664,-26.837045669555664,-26.837045669555664,-26.837045669555664,-26.837045669555664,-26.837045669555664,-26.837045669555664,-26.837045669555664,-26.837045669555664,-26.837045669555664,-26.837045669555664,-26.837045669555664,-26.837045669555664,-26.837045669555664,-26.837045669555664,-26.837045669555664,-26.837045669555664,-27.093175888061523,-26.837045669555664,-26.837045669555664,-26.837045669555664,-26.837045669555664,-26.837045669555664,-26.837045669555664,-26.837045669555664,-26.837045669555664,-26.837045669555664,-26.837045669555664,-26.837045669555664,-26.837045669555664,-26.837045669555664,-26.837045669555664,-26.837045669555664,-26.837045669555664,-26.837045669555664,-26.837045669555664,-26.837045669555664,-26.837045669555664,-26.837045669555664,-26.837045669555664,-26.837045669555664,-26.837045669555664,-26.837045669555664,-26.837045669555664,-26.837045669555664,-26.837045669555664,-26.837045669555664,-inf,-inf,-inf,-inf,-inf,-inf,-inf,-inf,-inf,-inf,-inf,-inf,-inf,-inf,-inf,-inf,-inf,-inf,-inf,-inf,-21.71131706237793,-27.318796157836914
9,-13.507193565368652,-13.507193565368652,-13.507193565368652,-13.507193565368652,-13.507193565368652,-17.037071228027344,-13.507193565368652,-13.507193565368652,-13.507193565368652,-13.507193565368652,-13.507193565368652,-13.507193565368652,-13.507193565368652,-13.507193565368652,-4.161075115203857,-13.507193565368652,-13.507193565368652,-13.507193565368652,-13.507193565368652,-19.256338119506836,-13.507193565368652,-9.616974830627441,-13.507193565368652,-13.507193565368652,-13.507193565368652,-13.507193565368652,-1.9627375602722168,-13.507193565368652,-13.507193565368652,-13.507193565368652,-13.507193565368652,-13.507193565368652,-13.507193565368652,-13.507193565368652,-13.507193565368652,-13.507193565368652,-13.507193565368652,-13.507193565368652,-13.507193565368652,-13.507193565368652,-13.507193565368652,-13.507193565368652,-13.507193565368652,-13.507193565368652,-13.507193565368652,-13.507193565368652,-13.507193565368652,-13.507193565368652,-13.507193565368652,-1.8309121131896973,-13.507193565368652,-13.507193565368652,-13.507193565368652,-13.507193565368652,-13.985198974609375,-13.507193565368652,-13.507193565368652,-13.507193565368652,-13.507193565368652,-13.507193565368652,-13.507193565368652,-13.507193565368652,-13.507193565368652,-13.507193565368652,-13.507193565368652,-13.507193565368652,-13.507193565368652,-13.507193565368652,-13.507193565368652,-13.507193565368652,-1.6474385261535645,-11.2409086227417,-4.646607875823975,-13.478278160095215,-13.507193565368652,-13.507193565368652,-13.507193565368652,-13.507193565368652,-13.507193565368652,-13.507193565368652,-13.507193565368652,-13.507193565368652,-13.507193565368652,-13.507193565368652,-13.507193565368652,-13.507193565368652,-13.507193565368652,-13.507193565368652,-13.507193565368652,-13.507193565368652,-13.507193565368652,-13.507193565368652,-13.507193565368652,-13.507193565368652,-13.507193565368652,-13.507193565368652,-13.507193565368652,-13.507193565368652,-13.507193565368652,-13.507193565368652,-13.507193565368652,-13.507193565368652,-13.507193565368652,-13.507193565368652,-13.507193565368652,-13.507193565368652,-13.952975273132324,-13.507193565368652,-13.507193565368652,-13.854072570800781,-13.507193565368652,-13.507193565368652,-14.184090614318848,-13.507193565368652,-13.507193565368652,-13.507193565368652,-13.507193565368652,-13.507193565368652,-13.507193565368652,-13.507193565368652,-13.507193565368652,-13.507193565368652,-13.507193565368652,-13.507193565368652,-13.507193565368652,-13.507193565368652,-13.507193565368652,-13.507193565368652,-13.507193565368652,-13.507193565368652,-13.507193565368652,-13.507193565368652,-0.7314333319664001,-13.507193565368652,-13.507193565368652,-13.507193565368652,-13.507193565368652,-13.507193565368652,-13.507193565368652,-13.507193565368652,-13.507193565368652,-13.507193565368652,-13.507193565368652,-13.507193565368652,-13.507193565368652,-13.507193565368652,-13.507193565368652,-13.507193565368652,-13.507193565368652,-13.507193565368652,-13.507193565368652,-13.507193565368652,-13.507193565368652,-13.507193565368652,-13.507193565368652,-13.507193565368652,-13.507193565368652,-13.507193565368652,-13.507193565368652,-13.507193565368652,-13.507193565368652,-13.507193565368652,-inf,-inf,-inf,-inf,-inf,-inf,-inf,-inf,-inf,-inf,-inf,-inf,-inf,-inf,-inf,-inf,-inf,-inf,-inf,-inf,-13.507193565368652,-17.711055755615234,-18.046146392822266,-12.535760879516602,-10.00685977935791,-14.1577730178833,-13.560037612915039,-10.821244239807129,-12.023999214172363,-9.602272987365723,-25.421085357666016,-25.421085357666016,-25.421085357666016,-25.421085357666016,-25.421085357666016,-17.848159790039062,-25.421085357666016,-25.421085357666016,-25.421085357666016,-25.421085357666016,-25.421085357666016,-25.421085357666016,-25.421085357666016,-25.421085357666016,-25.632572174072266,-25.421085357666016,-25.421085357666016,-25.421085357666016,-25.421085357666016,-25.11814308166504,-25.421085357666016,-12.739335060119629,-25.421085357666016,-25.421085357666016,-25.421085357666016,-25.421085357666016,-25.116973876953125,-25.421085357666016,-25.421085357666016,-25.421085357666016,-25.421085357666016,-25.421085357666016,-25.421085357666016,-25.421085357666016,-25.421085357666016,-25.421085357666016,-25.421085357666016,-25.421085357666016,-25.421085357666016,-25.421085357666016,-25.421085357666016,-25.421085357666016,-25.421085357666016,-25.421085357666016,-25.421085357666016,-25.421085357666016,-25.421085357666016,-25.421085357666016,-25.421085357666016,-25.555498123168945,-25.421085357666016,-25.421085357666016,-25.421085357666016,-25.421085357666016,-20.813915252685547,-25.421085357666016,-25.421085357666016,-25.421085357666016,-25.421085357666016,-25.421085357666016,-25.421085357666016,-25.421085357666016,-25.421085357666016,-25.421085357666016,-25.421085357666016,-25.421085357666016,-25.421085357666016,-25.421085357666016,-25.421085357666016,-25.421085357666016,-24.290630340576172,-14.104422569274902,-25.635456085205078,-25.92935562133789,-25.421085357666016,-25.421085357666016,-25.421085357666016,-25.421085357666016,-25.421085357666016,-25.421085357666016,-25.421085357666016,-25.421085357666016,-25.421085357666016,-25.421085357666016,-25.421085357666016,-25.421085357666016,-25.421085357666016,-25.421085357666016,-25.421085357666016,-25.421085357666016,-25.421085357666016,-25.421085357666016,-25.421085357666016,-25.421085357666016,-25.421085357666016,-25.421085357666016,-25.421085357666016,-25.421085357666016,-25.421085357666016,-25.421085357666016,-25.421085357666016,-25.421085357666016,-25.421085357666016,-25.421085357666016,-25.421085357666016,-25.421085357666016,-25.36257553100586,-25.421085357666016,-25.421085357666016,-25.034095764160156,-25.421085357666016,-25.421085357666016,-18.800308227539062,-25.421085357666016,-25.421085357666016,-25.421085357666016,-25.421085357666016,-25.421085357666016,-25.421085357666016,-25.421085357666016,-25.421085357666016,-25.421085357666016,-25.421085357666016,-25.421085357666016,-25.421085357666016,-25.421085357666016,-25.421085357666016,-25.421085357666016,-25.421085357666016,-25.421085357666016,-25.421085357666016,-25.421085357666016,-26.102909088134766,-25.421085357666016,-25.421085357666016,-25.421085357666016,-25.421085357666016,-25.421085357666016,-25.421085357666016,-25.421085357666016,-25.421085357666016,-25.421085357666016,-25.421085357666016,-25.421085357666016,-25.421085357666016,-25.421085357666016,-25.421085357666016,-25.421085357666016,-25.421085357666016,-25.421085357666016,-25.421085357666016,-25.421085357666016,-25.421085357666016,-25.421085357666016,-25.421085357666016,-25.421085357666016,-25.421085357666016,-25.421085357666016,-25.421085357666016,-25.421085357666016,-25.421085357666016,-25.421085357666016,-inf,-inf,-inf,-inf,-inf,-inf,-inf,-inf,-inf,-inf,-inf,-inf,-inf,-inf,-inf,-inf,-inf,-inf,-inf,-inf,-3.6954811548639555e-06,-27.29770851135254,-23.28411865234375,-23.28411865234375,-23.28411865234375,-23.28411865234375,-23.28411865234375,-24.74027442932129,-23.28411865234375,-23.28411865234375,-23.28411865234375,-23.28411865234375,-23.28411865234375,-23.28411865234375,-23.28411865234375,-23.28411865234375,-23.581445693969727,-23.28411865234375,-23.28411865234375,-23.28411865234375,-23.28411865234375,-5.8410845667822286e-05,-23.28411865234375,-23.385112762451172,-23.28411865234375,-23.28411865234375,-23.28411865234375,-23.28411865234375,-23.76024627685547,-23.28411865234375,-23.28411865234375,-23.28411865234375,-23.28411865234375,-23.28411865234375,-23.28411865234375,-23.28411865234375,-23.28411865234375,-23.28411865234375,-23.28411865234375,-23.28411865234375,-23.28411865234375,-23.28411865234375,-23.28411865234375,-23.28411865234375,-23.28411865234375,-23.28411865234375,-23.28411865234375,-23.28411865234375,-23.28411865234375,-23.28411865234375,-23.28411865234375,-24.84319305419922,-23.28411865234375,-23.28411865234375,-23.28411865234375,-23.28411865234375,-23.594219207763672,-23.28411865234375,-23.28411865234375,-23.28411865234375,-23.28411865234375,-23.28411865234375,-23.28411865234375,-23.28411865234375,-23.28411865234375,-23.28411865234375,-23.28411865234375,-23.28411865234375,-23.28411865234375,-23.28411865234375,-23.28411865234375,-23.28411865234375,-22.003578186035156,-23.4746150970459,-22.960956573486328,-9.750893592834473,-23.28411865234375,-23.28411865234375,-23.28411865234375,-23.28411865234375,-23.28411865234375,-23.28411865234375,-23.28411865234375,-23.28411865234375,-23.28411865234375,-23.28411865234375,-23.28411865234375,-23.28411865234375,-23.28411865234375,-23.28411865234375,-23.28411865234375,-23.28411865234375,-23.28411865234375,-23.28411865234375,-23.28411865234375,-23.28411865234375,-23.28411865234375,-23.28411865234375,-23.28411865234375,-23.28411865234375,-23.28411865234375,-23.28411865234375,-23.28411865234375,-23.28411865234375,-23.28411865234375,-23.28411865234375,-23.28411865234375,-23.28411865234375,-27.20191192626953,-23.28411865234375,-23.28411865234375,-23.37442970275879,-23.28411865234375,-23.28411865234375,-23.77031135559082,-23.28411865234375,-23.28411865234375,-23.28411865234375,-23.28411865234375,-23.28411865234375,-23.28411865234375,-23.28411865234375,-23.28411865234375,-23.28411865234375,-23.28411865234375,-23.28411865234375,-23.28411865234375,-23.28411865234375,-23.28411865234375,-23.28411865234375,-23.28411865234375,-23.28411865234375,-23.28411865234375,-23.28411865234375,-23.650426864624023,-23.28411865234375,-23.28411865234375,-23.28411865234375,-23.28411865234375,-23.28411865234375,-23.28411865234375,-23.28411865234375,-23.28411865234375,-23.28411865234375,-23.28411865234375,-23.28411865234375,-23.28411865234375,-23.28411865234375,-23.28411865234375,-23.28411865234375,-23.28411865234375,-23.28411865234375,-23.28411865234375,-23.28411865234375,-23.28411865234375,-23.28411865234375,-23.28411865234375,-23.28411865234375,-23.28411865234375,-23.28411865234375,-23.28411865234375,-23.28411865234375,-23.28411865234375,-23.28411865234375,-inf,-inf,-inf,-inf,-inf,-inf,-inf,-inf,-inf,-inf,-inf,-inf,-inf,-inf,-inf,-inf,-inf,-inf,-inf,-inf,-16.198165893554688,-24.338186264038086
10,-12.855527877807617,-12.855527877807617,-12.855527877807617,-12.855527877807617,-12.855527877807617,-17.5899600982666,-12.855527877807617,-12.855527877807617,-12.855527877807617,-12.855527877807617,-12.855527877807617,-12.855527877807617,-12.855527877807617,-12.855527877807617,-5.7394585609436035,-12.855527877807617,-12.855527877807617,-12.855527877807617,-12.855527877807617,-18.615222930908203,-12.855527877807617,-8.345000267028809,-12.855527877807617,-12.855527877807617,-12.855527877807617,-12.855527877807617,-0.7586247324943542,-12.855527877807617,-12.855527877807617,-12.855527877807617,-12.855527877807617,-12.855527877807617,-12.855527877807617,-12.855527877807617,-12.855527877807617,-12.855527877807617,-12.855527877807617,-12.855527877807617,-12.855527877807617,-12.855527877807617,-12.855527877807617,-12.855527877807617,-12.855527877807617,-12.855527877807617,-12.855527877807617,-12.855527877807617,-12.855527877807617,-12.855527877807617,-12.855527877807617,-1.3410708904266357,-12.855527877807617,-12.855527877807617,-12.855527877807617,-12.855527877807617,-13.3132905960083,-12.855527877807617,-12.855527877807617,-12.855527877807617,-12.855527877807617,-12.855527877807617,-12.855527877807617,-12.855527877807617,-12.855527877807617,-12.855527877807617,-12.855527877807617,-12.855527877807617,-12.855527877807617,-12.855527877807617,-12.855527877807617,-12.855527877807617,-2.024845838546753,-10.537492752075195,-3.772857427597046,-12.788055419921875,-12.855527877807617,-12.855527877807617,-12.855527877807617,-12.855527877807617,-12.855527877807617,-12.855527877807617,-12.855527877807617,-12.855527877807617,-12.855527877807617,-12.855527877807617,-12.855527877807617,-12.855527877807617,-12.855527877807617,-12.855527877807617,-12.855527877807617,-12.855527877807617,-12.855527877807617,-12.855527877807617,-12.855527877807617,-12.855527877807617,-12.855527877807617,-12.855527877807617,-12.855527877807617,-12.855527877807617,-12.855527877807617,-12.855527877807617,-12.855527877807617,-12.855527877807617,-12.855527877807617,-12.855527877807617,-12.855527877807617,-12.855527877807617,-13.2570219039917,-12.855527877807617,-12.855527877807617,-12.018442153930664,-12.855527877807617,-12.855527877807617,-13.497318267822266,-12.855527877807617,-12.855527877807617,-12.855527877807617,-12.855527877807617,-12.855527877807617,-12.855527877807617,-12.855527877807617,-12.855527877807617,-12.855527877807617,-12.855527877807617,-12.855527877807617,-12.855527877807617,-12.855527877807617,-12.855527877807617,-12.855527877807617,-12.855527877807617,-12.855527877807617,-12.855527877807617,-12.855527877807617,-2.1965062618255615,-12.855527877807617,-12.855527877807617,-12.855527877807617,-12.855527877807617,-12.855527877807617,-12.855527877807617,-12.855527877807617,-12.855527877807617,-12.855527877807617,-12.855527877807617,-12.855527877807617,-12.855527877807617,-12.855527877807617,-12.855527877807617,-12.855527877807617,-12.855527877807617,-12.855527877807617,-12.855527877807617,-12.855527877807617,-12.855527877807617,-12.855527877807617,-12.855527877807617,-12.855527877807617,-12.855527877807617,-12.855527877807617,-12.855527877807617,-12.855527877807617,-12.855527877807617,-12.855527877807617,-inf,-inf,-inf,-inf,-inf,-inf,-inf,-inf,-inf,-inf,-inf,-inf,-inf,-inf,-inf,-inf,-inf,-inf,-inf,-inf,-12.855527877807617,-17.813880920410156,-18.23666000366211,-9.68235969543457,-9.049878120422363,-13.895024299621582,-12.874451637268066,-10.177400588989258,-12.761905670166016,-9.350502014160156,-23.398597717285156,-23.398597717285156,-23.398597717285156,-23.398597717285156,-23.398597717285156,-14.265181541442871,-23.398597717285156,-23.398597717285156,-23.398597717285156,-23.398597717285156,-23.398597717285156,-23.398597717285156,-23.398597717285156,-23.398597717285156,-23.630046844482422,-23.398597717285156,-23.398597717285156,-23.398597717285156,-23.398597717285156,-22.772441864013672,-23.398597717285156,-10.581727981567383,-23.398597717285156,-23.398597717285156,-23.398597717285156,-23.398597717285156,-23.248483657836914,-23.398597717285156,-23.398597717285156,-23.398597717285156,-23.398597717285156,-23.398597717285156,-23.398597717285156,-23.398597717285156,-23.398597717285156,-23.398597717285156,-23.398597717285156,-23.398597717285156,-23.398597717285156,-23.398597717285156,-23.398597717285156,-23.398597717285156,-23.398597717285156,-23.398597717285156,-23.398597717285156,-23.398597717285156,-23.398597717285156,-23.398597717285156,-23.398597717285156,-23.624858856201172,-23.398597717285156,-23.398597717285156,-23.398597717285156,-23.398597717285156,-16.801015853881836,-23.398597717285156,-23.398597717285156,-23.398597717285156,-23.398597717285156,-23.398597717285156,-23.398597717285156,-23.398597717285156,-23.398597717285156,-23.398597717285156,-23.398597717285156,-23.398597717285156,-23.398597717285156,-23.398597717285156,-23.398597717285156,-23.398597717285156,-22.312015533447266,-12.173880577087402,-23.585834503173828,-23.854448318481445,-23.398597717285156,-23.398597717285156,-23.398597717285156,-23.398597717285156,-23.398597717285156,-23.398597717285156,-23.398597717285156,-23.398597717285156,-23.398597717285156,-23.398597717285156,-23.398597717285156,-23.398597717285156,-23.398597717285156,-23.398597717285156,-23.398597717285156,-23.398597717285156,-23.398597717285156,-23.398597717285156,-23.398597717285156,-23.398597717285156,-23.398597717285156,-23.398597717285156,-23.398597717285156,-23.398597717285156,-23.398597717285156,-23.398597717285156,-23.398597717285156,-23.398597717285156,-23.398597717285156,-23.398597717285156,-23.398597717285156,-23.398597717285156,-23.39012336730957,-23.398597717285156,-23.398597717285156,-22.91799545288086,-23.398597717285156,-23.398597717285156,-19.299026489257812,-23.398597717285156,-23.398597717285156,-23.398597717285156,-23.398597717285156,-23.398597717285156,-23.398597717285156,-23.398597717285156,-23.398597717285156,-23.398597717285156,-23.398597717285156,-23.398597717285156,-23.398597717285156,-23.398597717285156,-23.398597717285156,-23.398597717285156,-23.398597717285156,-23.398597717285156,-23.398597717285156,-23.398597717285156,-23.962112426757812,-23.398597717285156,-23.398597717285156,-23.398597717285156,-23.398597717285156,-23.398597717285156,-23.398597717285156,-23.398597717285156,-23.398597717285156,-23.398597717285156,-23.398597717285156,-23.398597717285156,-23.398597717285156,-23.398597717285156,-23.398597717285156,-23.398597717285156,-23.398597717285156,-23.398597717285156,-23.398597717285156,-23.398597717285156,-23.398597717285156,-23.398597717285156,-23.398597717285156,-23.398597717285156,-23.398597717285156,-23.398597717285156,-23.398597717285156,-23.398597717285156,-23.398597717285156,-23.398597717285156,-inf,-inf,-inf,-inf,-inf,-inf,-inf,-inf,-inf,-inf,-inf,-inf,-inf,-inf,-inf,-inf,-inf,-inf,-inf,-inf,-3.123234637314454e-05,-26.256479263305664,-22.287490844726562,-22.287490844726562,-22.287490844726562,-22.287490844726562,-22.287490844726562,-22.652708053588867,-22.287490844726562,-22.287490844726562,-22.287490844726562,-22.287490844726562,-22.287490844726562,-22.287490844726562,-22.287490844726562,-22.287490844726562,-22.665393829345703,-22.287490844726562,-22.287490844726562,-22.287490844726562,-22.287490844726562,-2.6702524337451905e-05,-22.287490844726562,-22.52988052368164,-22.287490844726562,-22.287490844726562,-22.287490844726562,-22.287490844726562,-22.791166305541992,-22.287490844726562,-22.287490844726562,-22.287490844726562,-22.287490844726562,-22.287490844726562,-22.287490844726562,-22.287490844726562,-22.287490844726562,-22.287490844726562,-22.287490844726562,-22.287490844726562,-22.287490844726562,-22.287490844726562,-22.287490844726562,-22.287490844726562,-22.287490844726562,-22.287490844726562,-22.287490844726562,-22.287490844726562,-22.287490844726562,-22.287490844726562,-22.287490844726562,-24.003887176513672,-22.287490844726562,-22.287490844726562,-22.287490844726562,-22.287490844726562,-22.57372283935547,-22.287490844726562,-22.287490844726562,-22.287490844726562,-22.287490844726562,-22.287490844726562,-22.287490844726562,-22.287490844726562,-22.287490844726562,-22.287490844726562,-22.287490844726562,-22.287490844726562,-22.287490844726562,-22.287490844726562,-22.287490844726562,-22.287490844726562,-20.97888946533203,-22.487930297851562,-22.102087020874023,-10.576080322265625,-22.287490844726562,-22.287490844726562,-22.287490844726562,-22.287490844726562,-22.287490844726562,-22.287490844726562,-22.287490844726562,-22.287490844726562,-22.287490844726562,-22.287490844726562,-22.287490844726562,-22.287490844726562,-22.287490844726562,-22.287490844726562,-22.287490844726562,-22.287490844726562,-22.287490844726562,-22.287490844726562,-22.287490844726562,-22.287490844726562,-22.287490844726562,-22.287490844726562,-22.287490844726562,-22.287490844726562,-22.287490844726562,-22.287490844726562,-22.287490844726562,-22.287490844726562,-22.287490844726562,-22.287490844726562,-22.287490844726562,-22.287490844726562,-25.928884506225586,-22.287490844726562,-22.287490844726562,-22.505338668823242,-22.287490844726562,-22.287490844726562,-22.71188735961914,-22.287490844726562,-22.287490844726562,-22.287490844726562,-22.287490844726562,-22.287490844726562,-22.287490844726562,-22.287490844726562,-22.287490844726562,-22.287490844726562,-22.287490844726562,-22.287490844726562,-22.287490844726562,-22.287490844726562,-22.287490844726562,-22.287490844726562,-22.287490844726562,-22.287490844726562,-22.287490844726562,-22.287490844726562,-22.575468063354492,-22.287490844726562,-22.287490844726562,-22.287490844726562,-22.287490844726562,-22.287490844726562,-22.287490844726562,-22.287490844726562,-22.287490844726562,-22.287490844726562,-22.287490844726562,-22.287490844726562,-22.287490844726562,-22.287490844726562,-22.287490844726562,-22.287490844726562,-22.287490844726562,-22.287490844726562,-22.287490844726562,-22.287490844726562,-22.287490844726562,-22.287490844726562,-22.287490844726562,-22.287490844726562,-22.287490844726562,-22.287490844726562,-22.287490844726562,-22.287490844726562,-22.287490844726562,-22.287490844726562,-inf,-inf,-inf,-inf,-inf,-inf,-inf,-inf,-inf,-inf,-inf,-inf,-inf,-inf,-inf,-inf,-inf,-inf,-inf,-inf,-13.63712215423584,-24.297462463378906
11,-13.014490127563477,-13.014490127563477,-13.014490127563477,-13.014490127563477,-13.014490127563477,-16.596738815307617,-13.014490127563477,-13.014490127563477,-13.014490127563477,-13.014490127563477,-13.014490127563477,-13.014490127563477,-13.014490127563477,-13.014490127563477,-9.499456405639648,-13.014490127563477,-13.014490127563477,-13.014490127563477,-13.014490127563477,-17.991592407226562,-13.014490127563477,-5.8409953117370605,-13.014490127563477,-13.014490127563477,-13.014490127563477,-13.014490127563477,-0.7720588445663452,-13.014490127563477,-13.014490127563477,-13.014490127563477,-13.014490127563477,-13.014490127563477,-13.014490127563477,-13.014490127563477,-13.014490127563477,-13.014490127563477,-13.014490127563477,-13.014490127563477,-13.014490127563477,-13.014490127563477,-13.014490127563477,-13.014490127563477,-13.014490127563477,-13.014490127563477,-13.014490127563477,-13.014490127563477,-13.014490127563477,-13.014490127563477,-13.014490127563477,-2.858041286468506,-13.014490127563477,-13.014490127563477,-13.014490127563477,-13.014490127563477,-13.392730712890625,-13.014490127563477,-13.014490127563477,-13.014490127563477,-13.014490127563477,-13.014490127563477,-13.014490127563477,-13.014490127563477,-13.014490127563477,-13.014490127563477,-13.014490127563477,-13.014490127563477,-13.014490127563477,-13.014490127563477,-13.014490127563477,-13.014490127563477,-0.8728164434432983,-10.019718170166016,-3.439619541168213,-13.156908988952637,-13.014490127563477,-13.014490127563477,-13.014490127563477,-13.014490127563477,-13.014490127563477,-13.014490127563477,-13.014490127563477,-13.014490127563477,-13.014490127563477,-13.014490127563477,-13.014490127563477,-13.014490127563477,-13.014490127563477,-13.014490127563477,-13.014490127563477,-13.014490127563477,-13.014490127563477,-13.014490127563477,-13.014490127563477,-13.014490127563477,-13.014490127563477,-13.014490127563477,-13.014490127563477,-13.014490127563477,-13.014490127563477,-13.014490127563477,-13.014490127563477,-13.014490127563477,-13.014490127563477,-13.014490127563477,-13.014490127563477,-13.014490127563477,-13.360547065734863,-13.014490127563477,-13.014490127563477,-10.032771110534668,-13.014490127563477,-13.014490127563477,-13.56809139251709,-13.014490127563477,-13.014490127563477,-13.014490127563477,-13.014490127563477,-13.014490127563477,-13.014490127563477,-13.014490127563477,-13.014490127563477,-13.014490127563477,-13.014490127563477,-13.014490127563477,-13.014490127563477,-13.014490127563477,-13.014490127563477,-13.014490127563477,-13.014490127563477,-13.014490127563477,-13.014490127563477,-13.014490127563477,-3.602400302886963,-13.014490127563477,-13.014490127563477,-13.014490127563477,-13.014490127563477,-13.014490127563477,-13.014490127563477,-13.014490127563477,-13.014490127563477,-13.014490127563477,-13.014490127563477,-13.014490127563477,-13.014490127563477,-13.014490127563477,-13.014490127563477,-13.014490127563477,-13.014490127563477,-13.014490127563477,-13.014490127563477,-13.014490127563477,-13.014490127563477,-13.014490127563477,-13.014490127563477,-13.014490127563477,-13.014490127563477,-13.014490127563477,-13.014490127563477,-13.014490127563477,-13.014490127563477,-13.014490127563477,-inf,-inf,-inf,-inf,-inf,-inf,-inf,-inf,-inf,-inf,-inf,-inf,-inf,-inf,-inf,-inf,-inf,-inf,-inf,-inf,-13.014490127563477,-17.507307052612305,-19.46585464477539,-9.632314682006836,-9.3455810546875,-9.060748100280762,-12.95728874206543,-8.83824348449707,-11.977279663085938,-9.653371810913086,-23.805553436279297,-23.805553436279297,-23.805553436279297,-23.805553436279297,-23.805553436279297,-12.25059700012207,-23.805553436279297,-23.805553436279297,-23.805553436279297,-23.805553436279297,-23.805553436279297,-23.805553436279297,-23.805553436279297,-23.805553436279297,-23.958032608032227,-23.805553436279297,-23.805553436279297,-23.805553436279297,-23.805553436279297,-22.670656204223633,-23.805553436279297,-10.462423324584961,-23.805553436279297,-23.805553436279297,-23.805553436279297,-23.805553436279297,-23.729961395263672,-23.805553436279297,-23.805553436279297,-23.805553436279297,-23.805553436279297,-23.805553436279297,-23.805553436279297,-23.805553436279297,-23.805553436279297,-23.805553436279297,-23.805553436279297,-23.805553436279297,-23.805553436279297,-23.805553436279297,-23.805553436279297,-23.805553436279297,-23.805553436279297,-23.805553436279297,-23.805553436279297,-23.805553436279297,-23.805553436279297,-23.805553436279297,-23.805553436279297,-24.03863525390625,-23.805553436279297,-23.805553436279297,-23.805553436279297,-23.805553436279297,-13.619065284729004,-23.805553436279297,-23.805553436279297,-23.805553436279297,-23.805553436279297,-23.805553436279297,-23.805553436279297,-23.805553436279297,-23.805553436279297,-23.805553436279297,-23.805553436279297,-23.805553436279297,-23.805553436279297,-23.805553436279297,-23.805553436279297,-23.805553436279297,-22.60349464416504,-12.433314323425293,-23.91318130493164,-24.18290138244629,-23.805553436279297,-23.805553436279297,-23.805553436279297,-23.805553436279297,-23.805553436279297,-23.805553436279297,-23.805553436279297,-23.805553436279297,-23.805553436279297,-23.805553436279297,-23.805553436279297,-23.805553436279297,-23.805553436279297,-23.805553436279297,-23.805553436279297,-23.805553436279297,-23.805553436279297,-23.805553436279297,-23.805553436279297,-23.805553436279297,-23.805553436279297,-23.805553436279297,-23.805553436279297,-23.805553436279297,-23.805553436279297,-23.805553436279297,-23.805553436279297,-23.805553436279297,-23.805553436279297,-23.805553436279297,-23.805553436279297,-23.805553436279297,-23.609750747680664,-23.805553436279297,-23.805553436279297,-23.321752548217773,-23.805553436279297,-23.805553436279297,-21.600309371948242,-23.805553436279297,-23.805553436279297,-23.805553436279297,-23.805553436279297,-23.805553436279297,-23.805553436279297,-23.805553436279297,-23.805553436279297,-23.805553436279297,-23.805553436279297,-23.805553436279297,-23.805553436279297,-23.805553436279297,-23.805553436279297,-23.805553436279297,-23.805553436279297,-23.805553436279297,-23.805553436279297,-23.805553436279297,-24.371461868286133,-23.805553436279297,-23.805553436279297,-23.805553436279297,-23.805553436279297,-23.805553436279297,-23.805553436279297,-23.805553436279297,-23.805553436279297,-23.805553436279297,-23.805553436279297,-23.805553436279297,-23.805553436279297,-23.805553436279297,-23.805553436279297,-23.805553436279297,-23.805553436279297,-23.805553436279297,-23.805553436279297,-23.805553436279297,-23.805553436279297,-23.805553436279297,-23.805553436279297,-23.805553436279297,-23.805553436279297,-23.805553436279297,-23.805553436279297,-23.805553436279297,-23.805553436279297,-23.805553436279297,-inf,-inf,-inf,-inf,-inf,-inf,-inf,-inf,-inf,-inf,-inf,-inf,-inf,-inf,-inf,-inf,-inf,-inf,-inf,-inf,-3.85038583772257e-05,-26.097423553466797,-21.879405975341797,-21.879405975341797,-21.879405975341797,-21.879405975341797,-21.879405975341797,-19.661577224731445,-21.879405975341797,-21.879405975341797,-21.879405975341797,-21.879405975341797,-21.879405975341797,-21.879405975341797,-21.879405975341797,-21.879405975341797,-22.026405334472656,-21.879405975341797,-21.879405975341797,-21.879405975341797,-21.879405975341797,-2.7179348762729205e-05,-21.879405975341797,-22.227251052856445,-21.879405975341797,-21.879405975341797,-21.879405975341797,-21.879405975341797,-22.067989349365234,-21.879405975341797,-21.879405975341797,-21.879405975341797,-21.879405975341797,-21.879405975341797,-21.879405975341797,-21.879405975341797,-21.879405975341797,-21.879405975341797,-21.879405975341797,-21.879405975341797,-21.879405975341797,-21.879405975341797,-21.879405975341797,-21.879405975341797,-21.879405975341797,-21.879405975341797,-21.879405975341797,-21.879405975341797,-21.879405975341797,-21.879405975341797,-21.879405975341797,-23.59484100341797,-21.879405975341797,-21.879405975341797,-21.879405975341797,-21.879405975341797,-21.87691307067871,-21.879405975341797,-21.879405975341797,-21.879405975341797,-21.879405975341797,-21.879405975341797,-21.879405975341797,-21.879405975341797,-21.879405975341797,-21.879405975341797,-21.879405975341797,-21.879405975341797,-21.879405975341797,-21.879405975341797,-21.879405975341797,-21.879405975341797,-20.759504318237305,-22.063236236572266,-21.516357421875,-12.341995239257812,-21.879405975341797,-21.879405975341797,-21.879405975341797,-21.879405975341797,-21.879405975341797,-21.879405975341797,-21.879405975341797,-21.879405975341797,-21.879405975341797,-21.879405975341797,-21.879405975341797,-21.879405975341797,-21.879405975341797,-21.879405975341797,-21.879405975341797,-21.879405975341797,-21.879405975341797,-21.879405975341797,-21.879405975341797,-21.879405975341797,-21.879405975341797,-21.879405975341797,-21.879405975341797,-21.879405975341797,-21.879405975341797,-21.879405975341797,-21.879405975341797,-21.879405975341797,-21.879405975341797,-21.879405975341797,-21.879405975341797,-21.879405975341797,-23.70028305053711,-21.879405975341797,-21.879405975341797,-21.989051818847656,-21.879405975341797,-21.879405975341797,-22.40889549255371,-21.879405975341797,-21.879405975341797,-21.879405975341797,-21.879405975341797,-21.879405975341797,-21.879405975341797,-21.879405975341797,-21.879405975341797,-21.879405975341797,-21.879405975341797,-21.879405975341797,-21.879405975341797,-21.879405975341797,-21.879405975341797,-21.879405975341797,-21.879405975341797,-21.879405975341797,-21.879405975341797,-21.879405975341797,-22.10552978515625,-21.879405975341797,-21.879405975341797,-21.879405975341797,-21.879405975341797,-21.879405975341797,-21.879405975341797,-21.879405975341797,-21.879405975341797,-21.879405975341797,-21.879405975341797,-21.879405975341797,-21.879405975341797,-21.879405975341797,-21.879405975341797,-21.879405975341797,-21.879405975341797,-21.879405975341797,-21.879405975341797,-21.879405975341797,-21.879405975341797,-21.879405975341797,-21.879405975341797,-21.879405975341797,-21.879405975341797,-21.879405975341797,-21.879405975341797,-21.879405975341797,-21.879405975341797,-21.879405975341797,-inf,-inf,-inf,-inf,-inf,-inf,-inf,-inf,-inf,-inf,-inf,-inf,-inf,-inf,-inf,-inf,-inf,-inf,-inf,-inf,-10.691460609436035,-23.451515197753906
12,-17.771623611450195,-17.771623611450195,-17.771623611450195,-17.771623611450195,-17.771623611450195,-19.16082191467285,-17.771623611450195,-17.771623611450195,-17.771623611450195,-17.771623611450195,-17.771623611450195,-17.771623611450195,-17.771623611450195,-17.771623611450195,-13.691793441772461,-17.771623611450195,-17.771623611450195,-17.771623611450195,-17.771623611450195,-20.05291175842285,-17.771623611450195,-9.674688339233398,-17.771623611450195,-17.771623611450195,-17.771623611450195,-17.771623611450195,-5.5244059562683105,-17.771623611450195,-17.771623611450195,-17.771623611450195,-17.771623611450195,-17.771623611450195,-17.771623611450195,-17.771623611450195,-17.771623611450195,-17.771623611450195,-17.771623611450195,-17.771623611450195,-17.771623611450195,-17.771623611450195,-17.771623611450195,-17.771623611450195,-17.771623611450195,-17.771623611450195,-17.771623611450195,-17.771623611450195,-17.771623611450195,-17.771623611450195,-17.771623611450195,-10.860198974609375,-17.771623611450195,-17.771623611450195,-17.771623611450195,-17.771623611450195,-18.25299835205078,-17.771623611450195,-17.771623611450195,-17.771623611450195,-17.771623611450195,-17.771623611450195,-17.771623611450195,-17.771623611450195,-17.771623611450195,-17.771623611450195,-17.771623611450195,-17.771623611450195,-17.771623611450195,-17.771623611450195,-17.771623611450195,-17.771623611450195,-7.168121814727783,-13.387939453125,-0.004942343104630709,-17.7961368560791,-17.771623611450195,-17.771623611450195,-17.771623611450195,-17.771623611450195,-17.771623611450195,-17.771623611450195,-17.771623611450195,-17.771623611450195,-17.771623611450195,-17.771623611450195,-17.771623611450195,-17.771623611450195,-17.771623611450195,-17.771623611450195,-17.771623611450195,-17.771623611450195,-17.771623611450195,-17.771623611450195,-17.771623611450195,-17.771623611450195,-17.771623611450195,-17.771623611450195,-17.771623611450195,-17.771623611450195,-17.771623611450195,-17.771623611450195,-17.771623611450195,-17.771623611450195,-17.771623611450195,-17.771623611450195,-17.771623611450195,-17.771623611450195,-18.208059310913086,-17.771623611450195,-17.771623611450195,-9.574908256530762,-17.771623611450195,-17.771623611450195,-18.22200584411621,-17.771623611450195,-17.771623611450195,-17.771623611450195,-17.771623611450195,-17.771623611450195,-17.771623611450195,-17.771623611450195,-17.771623611450195,-17.771623611450195,-17.771623611450195,-17.771623611450195,-17.771623611450195,-17.771623611450195,-17.771623611450195,-17.771623611450195,-17.771623611450195,-17.771623611450195,-17.771623611450195,-17.771623611450195,-11.197772979736328,-17.771623611450195,-17.771623611450195,-17.771623611450195,-17.771623611450195,-17.771623611450195,-17.771623611450195,-17.771623611450195,-17.771623611450195,-17.771623611450195,-17.771623611450195,-17.771623611450195,-17.771623611450195,-17.771623611450195,-17.771623611450195,-17.771623611450195,-17.771623611450195,-17.771623611450195,-17.771623611450195,-17.771623611450195,-17.771623611450195,-17.771623611450195,-17.771623611450195,-17.771623611450195,-17.771623611450195,-17.771623611450195,-17.771623611450195,-17.771623611450195,-17.771623611450195,-17.771623611450195,-inf,-inf,-inf,-inf,-inf,-inf,-inf,-inf,-inf,-inf,-inf,-inf,-inf,-inf,-inf,-inf,-inf,-inf,-inf,-inf,-17.771623611450195,-21.136995315551758,-21.547327041625977,-9.682909965515137,-9.631505012512207,3.5309817790985107,-13.636703491210938,-8.658819198608398,-8.813458442687988,-10.379857063293457,-24.638160705566406,-24.638160705566406,-24.638160705566406,-24.638160705566406,-24.638160705566406,-8.30891227722168,-24.638160705566406,-24.638160705566406,-24.638160705566406,-24.638160705566406,-24.638160705566406,-24.638160705566406,-24.638160705566406,-24.638160705566406,-25.078777313232422,-24.638160705566406,-24.638160705566406,-24.638160705566406,-24.638160705566406,-22.43077850341797,-24.638160705566406,-8.518991470336914,-24.638160705566406,-24.638160705566406,-24.638160705566406,-24.638160705566406,-24.339252471923828,-24.638160705566406,-24.638160705566406,-24.638160705566406,-24.638160705566406,-24.638160705566406,-24.638160705566406,-24.638160705566406,-24.638160705566406,-24.638160705566406,-24.638160705566406,-24.638160705566406,-24.638160705566406,-24.638160705566406,-24.638160705566406,-24.638160705566406,-24.638160705566406,-24.638160705566406,-24.638160705566406,-24.638160705566406,-24.638160705566406,-24.638160705566406,-24.638160705566406,-25.083274841308594,-24.638160705566406,-24.638160705566406,-24.638160705566406,-24.638160705566406,-16.418668746948242,-24.638160705566406,-24.638160705566406,-24.638160705566406,-24.638160705566406,-24.638160705566406,-24.638160705566406,-24.638160705566406,-24.638160705566406,-24.638160705566406,-24.638160705566406,-24.638160705566406,-24.638160705566406,-24.638160705566406,-24.638160705566406,-24.638160705566406,-23.724000930786133,-11.752318382263184,-24.786901473999023,-25.055601119995117,-24.638160705566406,-24.638160705566406,-24.638160705566406,-24.638160705566406,-24.638160705566406,-24.638160705566406,-24.638160705566406,-24.638160705566406,-24.638160705566406,-24.638160705566406,-24.638160705566406,-24.638160705566406,-24.638160705566406,-24.638160705566406,-24.638160705566406,-24.638160705566406,-24.638160705566406,-24.638160705566406,-24.638160705566406,-24.638160705566406,-24.638160705566406,-24.638160705566406,-24.638160705566406,-24.638160705566406,-24.638160705566406,-24.638160705566406,-24.638160705566406,-24.638160705566406,-24.638160705566406,-24.638160705566406,-24.638160705566406,-24.638160705566406,-24.189044952392578,-24.638160705566406,-24.638160705566406,-24.483871459960938,-24.638160705566406,-24.638160705566406,-23.763141632080078,-24.638160705566406,-24.638160705566406,-24.638160705566406,-24.638160705566406,-24.638160705566406,-24.638160705566406,-24.638160705566406,-24.638160705566406,-24.638160705566406,-24.638160705566406,-24.638160705566406,-24.638160705566406,-24.638160705566406,-24.638160705566406,-24.638160705566406,-24.638160705566406,-24.638160705566406,-24.638160705566406,-24.638160705566406,-25.407489776611328,-24.638160705566406,-24.638160705566406,-24.638160705566406,-24.638160705566406,-24.638160705566406,-24.638160705566406,-24.638160705566406,-24.638160705566406,-24.638160705566406,-24.638160705566406,-24.638160705566406,-24.638160705566406,-24.638160705566406,-24.638160705566406,-24.638160705566406,-24.638160705566406,-24.638160705566406,-24.638160705566406,-24.638160705566406,-24.638160705566406,-24.638160705566406,-24.638160705566406,-24.638160705566406,-24.638160705566406,-24.638160705566406,-24.638160705566406,-24.638160705566406,-24.638160705566406,-24.638160705566406,-inf,-inf,-inf,-inf,-inf,-inf,-inf,-inf,-inf,-inf,-inf,-inf,-inf,-inf,-inf,-inf,-inf,-inf,-inf,-inf,-0.00045408427831716835,-25.250167846679688,-19.26114845275879,-19.26114845275879,-19.26114845275879,-19.26114845275879,-19.26114845275879,-12.484663009643555,-19.26114845275879,-19.26114845275879,-19.26114845275879,-19.26114845275879,-19.26114845275879,-19.26114845275879,-19.26114845275879,-19.26114845275879,-19.319419860839844,-19.26114845275879,-19.26114845275879,-19.26114845275879,-19.26114845275879,-5.7666544914245605,-19.26114845275879,-19.585514068603516,-19.26114845275879,-19.26114845275879,-19.26114845275879,-19.26114845275879,-19.703205108642578,-19.26114845275879,-19.26114845275879,-19.26114845275879,-19.26114845275879,-19.26114845275879,-19.26114845275879,-19.26114845275879,-19.26114845275879,-19.26114845275879,-19.26114845275879,-19.26114845275879,-19.26114845275879,-19.26114845275879,-19.26114845275879,-19.26114845275879,-19.26114845275879,-19.26114845275879,-19.26114845275879,-19.26114845275879,-19.26114845275879,-19.26114845275879,-19.26114845275879,-20.37443733215332,-19.26114845275879,-19.26114845275879,-19.26114845275879,-19.26114845275879,-19.277297973632812,-19.26114845275879,-19.26114845275879,-19.26114845275879,-19.26114845275879,-19.26114845275879,-19.26114845275879,-19.26114845275879,-19.26114845275879,-19.26114845275879,-19.26114845275879,-19.26114845275879,-19.26114845275879,-19.26114845275879,-19.26114845275879,-19.26114845275879,-18.559101104736328,-19.634389877319336,-18.969310760498047,-13.108860969543457,-19.26114845275879,-19.26114845275879,-19.26114845275879,-19.26114845275879,-19.26114845275879,-19.26114845275879,-19.26114845275879,-19.26114845275879,-19.26114845275879,-19.26114845275879,-19.26114845275879,-19.26114845275879,-19.26114845275879,-19.26114845275879,-19.26114845275879,-19.26114845275879,-19.26114845275879,-19.26114845275879,-19.26114845275879,-19.26114845275879,-19.26114845275879,-19.26114845275879,-19.26114845275879,-19.26114845275879,-19.26114845275879,-19.26114845275879,-19.26114845275879,-19.26114845275879,-19.26114845275879,-19.26114845275879,-19.26114845275879,-19.26114845275879,-17.55609130859375,-19.26114845275879,-19.26114845275879,-19.178022384643555,-19.26114845275879,-19.26114845275879,-19.961484909057617,-19.26114845275879,-19.26114845275879,-19.26114845275879,-19.26114845275879,-19.26114845275879,-19.26114845275879,-19.26114845275879,-19.26114845275879,-19.26114845275879,-19.26114845275879,-19.26114845275879,-19.26114845275879,-19.26114845275879,-19.26114845275879,-19.26114845275879,-19.26114845275879,-19.26114845275879,-19.26114845275879,-19.26114845275879,-19.373441696166992,-19.26114845275879,-19.26114845275879,-19.26114845275879,-19.26114845275879,-19.26114845275879,-19.26114845275879,-19.26114845275879,-19.26114845275879,-19.26114845275879,-19.26114845275879,-19.26114845275879,-19.26114845275879,-19.26114845275879,-19.26114845275879,-19.26114845275879,-19.26114845275879,-19.26114845275879,-19.26114845275879,-19.26114845275879,-19.26114845275879,-19.26114845275879,-19.26114845275879,-19.26114845275879,-19.26114845275879,-19.26114845275879,-19.26114845275879,-19.26114845275879,-19.26114845275879,-19.26114845275879,-inf,-inf,-inf,-inf,-inf,-inf,-inf,-inf,-inf,-inf,-inf,-inf,-inf,-inf,-inf,-inf,-inf,-inf,-inf,-inf,-0.0031417079735547304,-19.34428596496582
13,-17.380172729492188,-17.380172729492188,-17.380172729492188,-17.380172729492188,-17.380172729492188,-15.800263404846191,-17.380172729492188,-17.380172729492188,-17.380172729492188,-17.380172729492188,-17.380172729492188,-17.380172729492188,-17.380172729492188,-17.380172729492188,-8.544595718383789,-17.380172729492188,-17.380172729492188,-17.380172729492188,-17.380172729492188,-17.124300003051758,-17.380172729492188,-11.745716094970703,-17.380172729492188,-17.380172729492188,-17.380172729492188,-17.380172729492188,-7.767648696899414,-17.380172729492188,-17.380172729492188,-17.380172729492188,-17.380172729492188,-17.380172729492188,-17.380172729492188,-17.380172729492188,-17.380172729492188,-17.380172729492188,-17.380172729492188,-17.380172729492188,-17.380172729492188,-17.380172729492188,-17.380172729492188,-17.380172729492188,-17.380172729492188,-17.380172729492188,-17.380172729492188,-17.380172729492188,-17.380172729492188,-17.380172729492188,-17.380172729492188,-11.386629104614258,-17.380172729492188,-17.380172729492188,-17.380172729492188,-17.380172729492188,-18.04674530029297,-17.380172729492188,-17.380172729492188,-17.380172729492188,-17.380172729492188,-17.380172729492188,-17.380172729492188,-17.380172729492188,-17.380172729492188,-17.380172729492188,-17.380172729492188,-17.380172729492188,-17.380172729492188,-17.380172729492188,-17.380172729492188,-17.380172729492188,-8.877616882324219,-13.205652236938477,-6.451787948608398,-17.581520080566406,-17.380172729492188,-17.380172729492188,-17.380172729492188,-17.380172729492188,-17.380172729492188,-17.380172729492188,-17.380172729492188,-17.380172729492188,-17.380172729492188,-17.380172729492188,-17.380172729492188,-17.380172729492188,-17.380172729492188,-17.380172729492188,-17.380172729492188,-17.380172729492188,-17.380172729492188,-17.380172729492188,-17.380172729492188,-17.380172729492188,-17.380172729492188,-17.380172729492188,-17.380172729492188,-17.380172729492188,-17.380172729492188,-17.380172729492188,-17.380172729492188,-17.380172729492188,-17.380172729492188,-17.380172729492188,-17.380172729492188,-17.380172729492188,-17.969655990600586,-17.380172729492188,-17.380172729492188,-0.00236874190159142,-17.380172729492188,-17.380172729492188,-17.803037643432617,-17.380172729492188,-17.380172729492188,-17.380172729492188,-17.380172729492188,-17.380172729492188,-17.380172729492188,-17.380172729492188,-17.380172729492188,-17.380172729492188,-17.380172729492188,-17.380172729492188,-17.380172729492188,-17.380172729492188,-17.380172729492188,-17.380172729492188,-17.380172729492188,-17.380172729492188,-17.380172729492188,-17.380172729492188,-12.223913192749023,-17.380172729492188,-17.380172729492188,-17.380172729492188,-17.380172729492188,-17.380172729492188,-17.380172729492188,-17.380172729492188,-17.380172729492188,-17.380172729492188,-17.380172729492188,-17.380172729492188,-17.380172729492188,-17.380172729492188,-17.380172729492188,-17.380172729492188,-17.380172729492188,-17.380172729492188,-17.380172729492188,-17.380172729492188,-17.380172729492188,-17.380172729492188,-17.380172729492188,-17.380172729492188,-17.380172729492188,-17.380172729492188,-17.380172729492188,-17.380172729492188,-17.380172729492188,-17.380172729492188,-inf,-inf,-inf,-inf,-inf,-inf,-inf,-inf,-inf,-inf,-inf,-inf,-inf,-inf,-inf,-inf,-inf,-inf,-inf,-inf,-17.380172729492188,-18.795757293701172,-23.1884765625,-9.973170280456543,-8.231172561645508,-4.967942714691162,-13.246390342712402,-9.845181465148926,-9.062383651733398,-10.706511497497559,-22.674959182739258,-22.674959182739258,-22.674959182739258,-22.674959182739258,-22.674959182739258,-0.004532302729785442,-22.674959182739258,-22.674959182739258,-22.674959182739258,-22.674959182739258,-22.674959182739258,-22.674959182739258,-22.674959182739258,-22.674959182739258,-23.254249572753906,-22.674959182739258,-22.674959182739258,-22.674959182739258,-22.674959182739258,-18.47895622253418,-22.674959182739258,-5.454538822174072,-22.674959182739258,-22.674959182739258,-22.674959182739258,-22.674959182739258,-22.607158660888672,-22.674959182739258,-22.674959182739258,-22.674959182739258,-22.674959182739258,-22.674959182739258,-22.674959182739258,-22.674959182739258,-22.674959182739258,-22.674959182739258,-22.674959182739258,-22.674959182739258,-22.674959182739258,-22.674959182739258,-22.674959182739258,-22.674959182739258,-22.674959182739258,-22.674959182739258,-22.674959182739258,-22.674959182739258,-22.674959182739258,-22.674959182739258,-22.674959182739258,-23.03759002685547,-22.674959182739258,-22.674959182739258,-22.674959182739258,-22.674959182739258,-14.301543235778809,-22.674959182739258,-22.674959182739258,-22.674959182739258,-22.674959182739258,-22.674959182739258,-22.674959182739258,-22.674959182739258,-22.674959182739258,-22.674959182739258,-22.674959182739258,-22.674959182739258,-22.674959182739258,-22.674959182739258,-22.674959182739258,-22.674959182739258,-21.87874412536621,-9.210600852966309,-22.556913375854492,-22.885421752929688,-22.674959182739258,-22.674959182739258,-22.674959182739258,-22.674959182739258,-22.674959182739258,-22.674959182739258,-22.674959182739258,-22.674959182739258,-22.674959182739258,-22.674959182739258,-22.674959182739258,-22.674959182739258,-22.674959182739258,-22.674959182739258,-22.674959182739258,-22.674959182739258,-22.674959182739258,-22.674959182739258,-22.674959182739258,-22.674959182739258,-22.674959182739258,-22.674959182739258,-22.674959182739258,-22.674959182739258,-22.674959182739258,-22.674959182739258,-22.674959182739258,-22.674959182739258,-22.674959182739258,-22.674959182739258,-22.674959182739258,-22.674959182739258,-22.24142837524414,-22.674959182739258,-22.674959182739258,-22.615041732788086,-22.674959182739258,-22.674959182739258,-21.58839988708496,-22.674959182739258,-22.674959182739258,-22.674959182739258,-22.674959182739258,-22.674959182739258,-22.674959182739258,-22.674959182739258,-22.674959182739258,-22.674959182739258,-22.674959182739258,-22.674959182739258,-22.674959182739258,-22.674959182739258,-22.674959182739258,-22.674959182739258,-22.674959182739258,-22.674959182739258,-22.674959182739258,-22.674959182739258,-23.324617385864258,-22.674959182739258,-22.674959182739258,-22.674959182739258,-22.674959182739258,-22.674959182739258,-22.674959182739258,-22.674959182739258,-22.674959182739258,-22.674959182739258,-22.674959182739258,-22.674959182739258,-22.674959182739258,-22.674959182739258,-22.674959182739258,-22.674959182739258,-22.674959182739258,-22.674959182739258,-22.674959182739258,-22.674959182739258,-22.674959182739258,-22.674959182739258,-22.674959182739258,-22.674959182739258,-22.674959182739258,-22.674959182739258,-22.674959182739258,-22.674959182739258,-22.674959182739258,-22.674959182739258,-inf,-inf,-inf,-inf,-inf,-inf,-inf,-inf,-inf,-inf,-inf,-inf,-inf,-inf,-inf,-inf,-inf,-inf,-inf,-inf,-8.8425874710083,-22.36509895324707,-19.231834411621094,-19.231834411621094,-19.231834411621094,-19.231834411621094,-19.231834411621094,-8.406085014343262,-19.231834411621094,-19.231834411621094,-19.231834411621094,-19.231834411621094,-19.231834411621094,-19.231834411621094,-19.231834411621094,-19.231834411621094,-19.192529678344727,-19.231834411621094,-19.231834411621094,-19.231834411621094,-19.231834411621094,-8.929253578186035,-19.231834411621094,-19.536273956298828,-19.231834411621094,-19.231834411621094,-19.231834411621094,-19.231834411621094,-19.436491012573242,-19.231834411621094,-19.231834411621094,-19.231834411621094,-19.231834411621094,-19.231834411621094,-19.231834411621094,-19.231834411621094,-19.231834411621094,-19.231834411621094,-19.231834411621094,-19.231834411621094,-19.231834411621094,-19.231834411621094,-19.231834411621094,-19.231834411621094,-19.231834411621094,-19.231834411621094,-19.231834411621094,-19.231834411621094,-19.231834411621094,-19.231834411621094,-19.231834411621094,-19.99565315246582,-19.231834411621094,-19.231834411621094,-19.231834411621094,-19.231834411621094,-19.106748580932617,-19.231834411621094,-19.231834411621094,-19.231834411621094,-19.231834411621094,-19.231834411621094,-19.231834411621094,-19.231834411621094,-19.231834411621094,-19.231834411621094,-19.231834411621094,-19.231834411621094,-19.231834411621094,-19.231834411621094,-19.231834411621094,-19.231834411621094,-19.192630767822266,-19.556753158569336,-18.962688446044922,-15.390387535095215,-19.231834411621094,-19.231834411621094,-19.231834411621094,-19.231834411621094,-19.231834411621094,-19.231834411621094,-19.231834411621094,-19.231834411621094,-19.231834411621094,-19.231834411621094,-19.231834411621094,-19.231834411621094,-19.231834411621094,-19.231834411621094,-19.231834411621094,-19.231834411621094,-19.231834411621094,-19.231834411621094,-19.231834411621094,-19.231834411621094,-19.231834411621094,-19.231834411621094,-19.231834411621094,-19.231834411621094,-19.231834411621094,-19.231834411621094,-19.231834411621094,-19.231834411621094,-19.231834411621094,-19.231834411621094,-19.231834411621094,-19.231834411621094,-11.953963279724121,-19.231834411621094,-19.231834411621094,-18.969097137451172,-19.231834411621094,-19.231834411621094,-20.005348205566406,-19.231834411621094,-19.231834411621094,-19.231834411621094,-19.231834411621094,-19.231834411621094,-19.231834411621094,-19.231834411621094,-19.231834411621094,-19.231834411621094,-19.231834411621094,-19.231834411621094,-19.231834411621094,-19.231834411621094,-19.231834411621094,-19.231834411621094,-19.231834411621094,-19.231834411621094,-19.231834411621094,-19.231834411621094,-19.390941619873047,-19.231834411621094,-19.231834411621094,-19.231834411621094,-19.231834411621094,-19.231834411621094,-19.231834411621094,-19.231834411621094,-19.231834411621094,-19.231834411621094,-19.231834411621094,-19.231834411621094,-19.231834411621094,-19.231834411621094,-19.231834411621094,-19.231834411621094,-19.231834411621094,-19.231834411621094,-19.231834411621094,-19.231834411621094,-19.231834411621094,-19.231834411621094,-19.231834411621094,-19.231834411621094,-19.231834411621094,-19.231834411621094,-19.231834411621094,-19.231834411621094,-19.231834411621094,-19.231834411621094,-inf,-inf,-inf,-inf,-inf,-inf,-inf,-inf,-inf,-inf,-inf,-inf,-inf,-inf,-inf,-inf,-inf,-inf,-inf,-inf,-0.0003634030872490257,-17.71851921081543
14,-18.331520080566406,-18.331520080566406,-18.331520080566406,-18.331520080566406,-18.331520080566406,-12.016222953796387,-18.331520080566406,-18.331520080566406,-18.331520080566406,-18.331520080566406,-18.331520080566406,-18.331520080566406,-18.331520080566406,-18.331520080566406,-17.595041275024414,-18.331520080566406,-18.331520080566406,-18.331520080566406,-18.331520080566406,-15.950176239013672,-18.331520080566406,-8.951050758361816,-18.331520080566406,-18.331520080566406,-18.331520080566406,-18.331520080566406,-6.463687419891357,-18.331520080566406,-18.331520080566406,-18.331520080566406,-18.331520080566406,-18.331520080566406,-18.331520080566406,-18.331520080566406,-18.331520080566406,-18.331520080566406,-18.331520080566406,-18.331520080566406,-18.331520080566406,-18.331520080566406,-18.331520080566406,-18.331520080566406,-18.331520080566406,-18.331520080566406,-18.331520080566406,-18.331520080566406,-18.331520080566406,-18.331520080566406,-18.331520080566406,-12.160582542419434,-18.331520080566406,-18.331520080566406,-18.331520080566406,-18.331520080566406,-19.527427673339844,-18.331520080566406,-18.331520080566406,-18.331520080566406,-18.331520080566406,-18.331520080566406,-18.331520080566406,-18.331520080566406,-18.331520080566406,-18.331520080566406,-18.331520080566406,-18.331520080566406,-18.331520080566406,-18.331520080566406,-18.331520080566406,-18.331520080566406,-9.802112579345703,-13.516186714172363,-0.0023467401042580605,-18.425474166870117,-18.331520080566406,-18.331520080566406,-18.331520080566406,-18.331520080566406,-18.331520080566406,-18.331520080566406,-18.331520080566406,-18.331520080566406,-18.331520080566406,-18.331520080566406,-18.331520080566406,-18.331520080566406,-18.331520080566406,-18.331520080566406,-18.331520080566406,-18.331520080566406,-18.331520080566406,-18.331520080566406,-18.331520080566406,-18.331520080566406,-18.331520080566406,-18.331520080566406,-18.331520080566406,-18.331520080566406,-18.331520080566406,-18.331520080566406,-18.331520080566406,-18.331520080566406,-18.331520080566406,-18.331520080566406,-18.331520080566406,-18.331520080566406,-19.228612899780273,-18.331520080566406,-18.331520080566406,-7.443661212921143,-18.331520080566406,-18.331520080566406,-19.194740295410156,-18.331520080566406,-18.331520080566406,-18.331520080566406,-18.331520080566406,-18.331520080566406,-18.331520080566406,-18.331520080566406,-18.331520080566406,-18.331520080566406,-18.331520080566406,-18.331520080566406,-18.331520080566406,-18.331520080566406,-18.331520080566406,-18.331520080566406,-18.331520080566406,-18.331520080566406,-18.331520080566406,-18.331520080566406,-14.84753131866455,-18.331520080566406,-18.331520080566406,-18.331520080566406,-18.331520080566406,-18.331520080566406,-18.331520080566406,-18.331520080566406,-18.331520080566406,-18.331520080566406,-18.331520080566406,-18.331520080566406,-18.331520080566406,-18.331520080566406,-18.331520080566406,-18.331520080566406,-18.331520080566406,-18.331520080566406,-18.331520080566406,-18.331520080566406,-18.331520080566406,-18.331520080566406,-18.331520080566406,-18.331520080566406,-18.331520080566406,-18.331520080566406,-18.331520080566406,-18.331520080566406,-18.331520080566406,-18.331520080566406,-inf,-inf,-inf,-inf,-inf,-inf,-inf,-inf,-inf,-inf,-inf,-inf,-inf,-inf,-inf,-inf,-inf,-inf,-inf,-inf,-18.331520080566406,-18.26628875732422,-23.34124755859375,-5.599559783935547,-5.246849060058594,-5.877911567687988,-13.472055435180664,-12.559320449829102,-11.761950492858887,-12.26076889038086,-21.52683448791504,-21.52683448791504,-21.52683448791504,-21.52683448791504,-21.52683448791504,-8.988912582397461,-21.52683448791504,-21.52683448791504,-21.52683448791504,-21.52683448791504,-21.52683448791504,-21.52683448791504,-21.52683448791504,-21.52683448791504,-21.714757919311523,-21.52683448791504,-21.52683448791504,-21.52683448791504,-21.52683448791504,-16.180694580078125,-21.52683448791504,-0.005350436549633741,-21.52683448791504,-21.52683448791504,-21.52683448791504,-21.52683448791504,-21.294452667236328,-21.52683448791504,-21.52683448791504,-21.52683448791504,-21.52683448791504,-21.52683448791504,-21.52683448791504,-21.52683448791504,-21.52683448791504,-21.52683448791504,-21.52683448791504,-21.52683448791504,-21.52683448791504,-21.52683448791504,-21.52683448791504,-21.52683448791504,-21.52683448791504,-21.52683448791504,-21.52683448791504,-21.52683448791504,-21.52683448791504,-21.52683448791504,-21.52683448791504,-21.936899185180664,-21.52683448791504,-21.52683448791504,-21.52683448791504,-21.52683448791504,-14.926482200622559,-21.52683448791504,-21.52683448791504,-21.52683448791504,-21.52683448791504,-21.52683448791504,-21.52683448791504,-21.52683448791504,-21.52683448791504,-21.52683448791504,-21.52683448791504,-21.52683448791504,-21.52683448791504,-21.52683448791504,-21.52683448791504,-21.52683448791504,-21.31640625,-5.277317523956299,-21.792943954467773,-21.897605895996094,-21.52683448791504,-21.52683448791504,-21.52683448791504,-21.52683448791504,-21.52683448791504,-21.52683448791504,-21.52683448791504,-21.52683448791504,-21.52683448791504,-21.52683448791504,-21.52683448791504,-21.52683448791504,-21.52683448791504,-21.52683448791504,-21.52683448791504,-21.52683448791504,-21.52683448791504,-21.52683448791504,-21.52683448791504,-21.52683448791504,-21.52683448791504,-21.52683448791504,-21.52683448791504,-21.52683448791504,-21.52683448791504,-21.52683448791504,-21.52683448791504,-21.52683448791504,-21.52683448791504,-21.52683448791504,-21.52683448791504,-21.52683448791504,-21.06293296813965,-21.52683448791504,-21.52683448791504,-21.70768928527832,-21.52683448791504,-21.52683448791504,-18.992753982543945,-21.52683448791504,-21.52683448791504,-21.52683448791504,-21.52683448791504,-21.52683448791504,-21.52683448791504,-21.52683448791504,-21.52683448791504,-21.52683448791504,-21.52683448791504,-21.52683448791504,-21.52683448791504,-21.52683448791504,-21.52683448791504,-21.52683448791504,-21.52683448791504,-21.52683448791504,-21.52683448791504,-21.52683448791504,-22.02444076538086,-21.52683448791504,-21.52683448791504,-21.52683448791504,-21.52683448791504,-21.52683448791504,-21.52683448791504,-21.52683448791504,-21.52683448791504,-21.52683448791504,-21.52683448791504,-21.52683448791504,-21.52683448791504,-21.52683448791504,-21.52683448791504,-21.52683448791504,-21.52683448791504,-21.52683448791504,-21.52683448791504,-21.52683448791504,-21.52683448791504,-21.52683448791504,-21.52683448791504,-21.52683448791504,-21.52683448791504,-21.52683448791504,-21.52683448791504,-21.52683448791504,-21.52683448791504,-21.52683448791504,-inf,-inf,-inf,-inf,-inf,-inf,-inf,-inf,-inf,-inf,-inf,-inf,-inf,-inf,-inf,-inf,-inf,-inf,-inf,-inf,-9.163680076599121,-20.061870574951172,-20.710498809814453,-20.710498809814453,-20.710498809814453,-20.710498809814453,-20.710498809814453,-11.212272644042969,-20.710498809814453,-20.710498809814453,-20.710498809814453,-20.710498809814453,-20.710498809814453,-20.710498809814453,-20.710498809814453,-20.710498809814453,-20.71248435974121,-20.710498809814453,-20.710498809814453,-20.710498809814453,-20.710498809814453,-12.710575103759766,-20.710498809814453,-20.532451629638672,-20.710498809814453,-20.710498809814453,-20.710498809814453,-20.710498809814453,-20.645980834960938,-20.710498809814453,-20.710498809814453,-20.710498809814453,-20.710498809814453,-20.710498809814453,-20.710498809814453,-20.710498809814453,-20.710498809814453,-20.710498809814453,-20.710498809814453,-20.710498809814453,-20.710498809814453,-20.710498809814453,-20.710498809814453,-20.710498809814453,-20.710498809814453,-20.710498809814453,-20.710498809814453,-20.710498809814453,-20.710498809814453,-20.710498809814453,-20.710498809814453,-21.29827880859375,-20.710498809814453,-20.710498809814453,-20.710498809814453,-20.710498809814453,-20.92765235900879,-20.710498809814453,-20.710498809814453,-20.710498809814453,-20.710498809814453,-20.710498809814453,-20.710498809814453,-20.710498809814453,-20.710498809814453,-20.710498809814453,-20.710498809814453,-20.710498809814453,-20.710498809814453,-20.710498809814453,-20.710498809814453,-20.710498809814453,-21.141326904296875,-21.258214950561523,-20.38666534423828,-17.556499481201172,-20.710498809814453,-20.710498809814453,-20.710498809814453,-20.710498809814453,-20.710498809814453,-20.710498809814453,-20.710498809814453,-20.710498809814453,-20.710498809814453,-20.710498809814453,-20.710498809814453,-20.710498809814453,-20.710498809814453,-20.710498809814453,-20.710498809814453,-20.710498809814453,-20.710498809814453,-20.710498809814453,-20.710498809814453,-20.710498809814453,-20.710498809814453,-20.710498809814453,-20.710498809814453,-20.710498809814453,-20.710498809814453,-20.710498809814453,-20.710498809814453,-20.710498809814453,-20.710498809814453,-20.710498809814453,-20.710498809814453,-20.710498809814453,-8.341160774230957,-20.710498809814453,-20.710498809814453,-20.29828453063965,-20.710498809814453,-20.710498809814453,-21.821090698242188,-20.710498809814453,-20.710498809814453,-20.710498809814453,-20.710498809814453,-20.710498809814453,-20.710498809814453,-20.710498809814453,-20.710498809814453,-20.710498809814453,-20.710498809814453,-20.710498809814453,-20.710498809814453,-20.710498809814453,-20.710498809814453,-20.710498809814453,-20.710498809814453,-20.710498809814453,-20.710498809814453,-20.710498809814453,-20.96822738647461,-20.710498809814453,-20.710498809814453,-20.710498809814453,-20.710498809814453,-20.710498809814453,-20.710498809814453,-20.710498809814453,-20.710498809814453,-20.710498809814453,-20.710498809814453,-20.710498809814453,-20.710498809814453,-20.710498809814453,-20.710498809814453,-20.710498809814453,-20.710498809814453,-20.710498809814453,-20.710498809814453,-20.710498809814453,-20.710498809814453,-20.710498809814453,-20.710498809814453,-20.710498809814453,-20.710498809814453,-20.710498809814453,-20.710498809814453,-20.710498809814453,-20.710498809814453,-20.710498809814453,-inf,-inf,-inf,-inf,-inf,-inf,-inf,-inf,-inf,-inf,-inf,-inf,-inf,-inf,-inf,-inf,-inf,-inf,-inf,-inf,-0.00025519452174194157,-16.533010482788086
15,-20.677093505859375,-20.677093505859375,-20.677093505859375,-20.677093505859375,-20.677093505859375,-12.328055381774902,-20.677093505859375,-20.677093505859375,-20.677093505859375,-20.677093505859375,-20.677093505859375,-20.677093505859375,-20.677093505859375,-20.677093505859375,-26.640140533447266,-20.677093505859375,-20.677093505859375,-20.677093505859375,-20.677093505859375,-17.35411834716797,-20.677093505859375,-0.0013405631761997938,-20.677093505859375,-20.677093505859375,-20.677093505859375,-20.677093505859375,-13.132644653320312,-20.677093505859375,-20.677093505859375,-20.677093505859375,-20.677093505859375,-20.677093505859375,-20.677093505859375,-20.677093505859375,-20.677093505859375,-20.677093505859375,-20.677093505859375,-20.677093505859375,-20.677093505859375,-20.677093505859375,-20.677093505859375,-20.677093505859375,-20.677093505859375,-20.677093505859375,-20.677093505859375,-20.677093505859375,-20.677093505859375,-20.677093505859375,-20.677093505859375,-12.383042335510254,-20.677093505859375,-20.677093505859375,-20.677093505859375,-20.677093505859375,-22.14637565612793,-20.677093505859375,-20.677093505859375,-20.677093505859375,-20.677093505859375,-20.677093505859375,-20.677093505859375,-20.677093505859375,-20.677093505859375,-20.677093505859375,-20.677093505859375,-20.677093505859375,-20.677093505859375,-20.677093505859375,-20.677093505859375,-20.677093505859375,-17.689428329467773,-6.663748264312744,-9.896202087402344,-21.241615295410156,-20.677093505859375,-20.677093505859375,-20.677093505859375,-20.677093505859375,-20.677093505859375,-20.677093505859375,-20.677093505859375,-20.677093505859375,-20.677093505859375,-20.677093505859375,-20.677093505859375,-20.677093505859375,-20.677093505859375,-20.677093505859375,-20.677093505859375,-20.677093505859375,-20.677093505859375,-20.677093505859375,-20.677093505859375,-20.677093505859375,-20.677093505859375,-20.677093505859375,-20.677093505859375,-20.677093505859375,-20.677093505859375,-20.677093505859375,-20.677093505859375,-20.677093505859375,-20.677093505859375,-20.677093505859375,-20.677093505859375,-20.677093505859375,-21.86941909790039,-20.677093505859375,-20.677093505859375,-13.111330032348633,-20.677093505859375,-20.677093505859375,-21.343700408935547,-20.677093505859375,-20.677093505859375,-20.677093505859375,-20.677093505859375,-20.677093505859375,-20.677093505859375,-20.677093505859375,-20.677093505859375,-20.677093505859375,-20.677093505859375,-20.677093505859375,-20.677093505859375,-20.677093505859375,-20.677093505859375,-20.677093505859375,-20.677093505859375,-20.677093505859375,-20.677093505859375,-20.677093505859375,-16.039579391479492,-20.677093505859375,-20.677093505859375,-20.677093505859375,-20.677093505859375,-20.677093505859375,-20.677093505859375,-20.677093505859375,-20.677093505859375,-20.677093505859375,-20.677093505859375,-20.677093505859375,-20.677093505859375,-20.677093505859375,-20.677093505859375,-20.677093505859375,-20.677093505859375,-20.677093505859375,-20.677093505859375,-20.677093505859375,-20.677093505859375,-20.677093505859375,-20.677093505859375,-20.677093505859375,-20.677093505859375,-20.677093505859375,-20.677093505859375,-20.677093505859375,-20.677093505859375,-20.677093505859375,-inf,-inf,-inf,-inf,-inf,-inf,-inf,-inf,-inf,-inf,-inf,-inf,-inf,-inf,-inf,-inf,-inf,-inf,-inf,-inf,-20.677093505859375,-16.93040657043457,-25.195581436157227,-5.213717460632324,-8.573511123657227,-6.444499969482422,-13.915464401245117,-13.829144477844238,-14.766928672790527,-12.649971008300781,-19.304590225219727,-19.304590225219727,-19.304590225219727,-19.304590225219727,-19.304590225219727,-0.0019041041377931833,-19.304590225219727,-19.304590225219727,-19.304590225219727,-19.304590225219727,-19.304590225219727,-19.304590225219727,-19.304590225219727,-19.304590225219727,-20.12060546875,-19.304590225219727,-19.304590225219727,-19.304590225219727,-19.304590225219727,-17.03805923461914,-19.304590225219727,-6.528500080108643,-19.304590225219727,-19.304590225219727,-19.304590225219727,-19.304590225219727,-19.517139434814453,-19.304590225219727,-19.304590225219727,-19.304590225219727,-19.304590225219727,-19.304590225219727,-19.304590225219727,-19.304590225219727,-19.304590225219727,-19.304590225219727,-19.304590225219727,-19.304590225219727,-19.304590225219727,-19.304590225219727,-19.304590225219727,-19.304590225219727,-19.304590225219727,-19.304590225219727,-19.304590225219727,-19.304590225219727,-19.304590225219727,-19.304590225219727,-19.304590225219727,-19.312381744384766,-19.304590225219727,-19.304590225219727,-19.304590225219727,-19.304590225219727,-12.254571914672852,-19.304590225219727,-19.304590225219727,-19.304590225219727,-19.304590225219727,-19.304590225219727,-19.304590225219727,-19.304590225219727,-19.304590225219727,-19.304590225219727,-19.304590225219727,-19.304590225219727,-19.304590225219727,-19.304590225219727,-19.304590225219727,-19.304590225219727,-19.614744186401367,-8.563387870788574,-19.3596134185791,-19.557998657226562,-19.304590225219727,-19.304590225219727,-19.304590225219727,-19.304590225219727,-19.304590225219727,-19.304590225219727,-19.304590225219727,-19.304590225219727,-19.304590225219727,-19.304590225219727,-19.304590225219727,-19.304590225219727,-19.304590225219727,-19.304590225219727,-19.304590225219727,-19.304590225219727,-19.304590225219727,-19.304590225219727,-19.304590225219727,-19.304590225219727,-19.304590225219727,-19.304590225219727,-19.304590225219727,-19.304590225219727,-19.304590225219727,-19.304590225219727,-19.304590225219727,-19.304590225219727,-19.304590225219727,-19.304590225219727,-19.304590225219727,-19.304590225219727,-18.988012313842773,-19.304590225219727,-19.304590225219727,-19.30695343017578,-19.304590225219727,-19.304590225219727,-10.630757331848145,-19.304590225219727,-19.304590225219727,-19.304590225219727,-19.304590225219727,-19.304590225219727,-19.304590225219727,-19.304590225219727,-19.304590225219727,-19.304590225219727,-19.304590225219727,-19.304590225219727,-19.304590225219727,-19.304590225219727,-19.304590225219727,-19.304590225219727,-19.304590225219727,-19.304590225219727,-19.304590225219727,-19.304590225219727,-20.049741744995117,-19.304590225219727,-19.304590225219727,-19.304590225219727,-19.304590225219727,-19.304590225219727,-19.304590225219727,-19.304590225219727,-19.304590225219727,-19.304590225219727,-19.304590225219727,-19.304590225219727,-19.304590225219727,-19.304590225219727,-19.304590225219727,-19.304590225219727,-19.304590225219727,-19.304590225219727,-19.304590225219727,-19.304590225219727,-19.304590225219727,-19.304590225219727,-19.304590225219727,-19.304590225219727,-19.304590225219727,-19.304590225219727,-19.304590225219727,-19.304590225219727,-19.304590225219727,-19.304590225219727,-inf,-inf,-inf,-inf,-inf,-inf,-inf,-inf,-inf,-inf,-inf,-inf,-inf,-inf,-inf,-inf,-inf,-inf,-inf,-inf,-8.423175811767578,-14.057549476623535,-22.2474422454834,-22.2474422454834,-22.2474422454834,-22.2474422454834,-22.2474422454834,-14.755578994750977,-22.2474422454834,-22.2474422454834,-22.2474422454834,-22.2474422454834,-22.2474422454834,-22.2474422454834,-22.2474422454834,-22.2474422454834,-22.217281341552734,-22.2474422454834,-22.2474422454834,-22.2474422454834,-22.2474422454834,-17.81882095336914,-22.2474422454834,-22.228897094726562,-22.2474422454834,-22.2474422454834,-22.2474422454834,-22.2474422454834,-22.557659149169922,-22.2474422454834,-22.2474422454834,-22.2474422454834,-22.2474422454834,-22.2474422454834,-22.2474422454834,-22.2474422454834,-22.2474422454834,-22.2474422454834,-22.2474422454834,-22.2474422454834,-22.2474422454834,-22.2474422454834,-22.2474422454834,-22.2474422454834,-22.2474422454834,-22.2474422454834,-22.2474422454834,-22.2474422454834,-22.2474422454834,-22.2474422454834,-22.2474422454834,-22.13581085205078,-22.2474422454834,-22.2474422454834,-22.2474422454834,-22.2474422454834,-22.571311950683594,-22.2474422454834,-22.2474422454834,-22.2474422454834,-22.2474422454834,-22.2474422454834,-22.2474422454834,-22.2474422454834,-22.2474422454834,-22.2474422454834,-22.2474422454834,-22.2474422454834,-22.2474422454834,-22.2474422454834,-22.2474422454834,-22.2474422454834,-23.343042373657227,-22.724010467529297,-21.962160110473633,-20.66260528564453,-22.2474422454834,-22.2474422454834,-22.2474422454834,-22.2474422454834,-22.2474422454834,-22.2474422454834,-22.2474422454834,-22.2474422454834,-22.2474422454834,-22.2474422454834,-22.2474422454834,-22.2474422454834,-22.2474422454834,-22.2474422454834,-22.2474422454834,-22.2474422454834,-22.2474422454834,-22.2474422454834,-22.2474422454834,-22.2474422454834,-22.2474422454834,-22.2474422454834,-22.2474422454834,-22.2474422454834,-22.2474422454834,-22.2474422454834,-22.2474422454834,-22.2474422454834,-22.2474422454834,-22.2474422454834,-22.2474422454834,-22.2474422454834,-9.429577827453613,-22.2474422454834,-22.2474422454834,-21.71242904663086,-22.2474422454834,-22.2474422454834,-23.06964683532715,-22.2474422454834,-22.2474422454834,-22.2474422454834,-22.2474422454834,-22.2474422454834,-22.2474422454834,-22.2474422454834,-22.2474422454834,-22.2474422454834,-22.2474422454834,-22.2474422454834,-22.2474422454834,-22.2474422454834,-22.2474422454834,-22.2474422454834,-22.2474422454834,-22.2474422454834,-22.2474422454834,-22.2474422454834,-22.477407455444336,-22.2474422454834,-22.2474422454834,-22.2474422454834,-22.2474422454834,-22.2474422454834,-22.2474422454834,-22.2474422454834,-22.2474422454834,-22.2474422454834,-22.2474422454834,-22.2474422454834,-22.2474422454834,-22.2474422454834,-22.2474422454834,-22.2474422454834,-22.2474422454834,-22.2474422454834,-22.2474422454834,-22.2474422454834,-22.2474422454834,-22.2474422454834,-22.2474422454834,-22.2474422454834,-22.2474422454834,-22.2474422454834,-22.2474422454834,-22.2474422454834,-22.2474422454834,-22.2474422454834,-inf,-inf,-inf,-inf,-inf,-inf,-inf,-inf,-inf,-inf,-inf,-inf,-inf,-inf,-inf,-inf,-inf,-inf,-inf,-inf,-8.177422569133341e-05,-13.843647003173828
16,-23.66110610961914,-23.66110610961914,-23.66110610961914,-23.66110610961914,-23.66110610961914,-0.0015172171406447887,-23.66110610961914,-23.66110610961914,-23.66110610961914,-23.66110610961914,-23.66110610961914,-23.66110610961914,-23.66110610961914,-23.66110610961914,-27.835100173950195,-23.66110610961914,-23.66110610961914,-23.66110610961914,-23.66110610961914,-21.675790786743164,-23.66110610961914,-6.529768943786621,-23.66110610961914,-23.66110610961914,-23.66110610961914,-23.66110610961914,-22.042407989501953,-23.66110610961914,-23.66110610961914,-23.66110610961914,-23.66110610961914,-23.66110610961914,-23.66110610961914,-23.66110610961914,-23.66110610961914,-23.66110610961914,-23.66110610961914,-23.66110610961914,-23.66110610961914,-23.66110610961914,-23.66110610961914,-23.66110610961914,-23.66110610961914,-23.66110610961914,-23.66110610961914,-23.66110610961914,-23.66110610961914,-23.66110610961914,-23.66110610961914,-11.33966064453125,-23.66110610961914,-23.66110610961914,-23.66110610961914,-23.66110610961914,-25.30152130126953,-23.66110610961914,-23.66110610961914,-23.66110610961914,-23.66110610961914,-23.66110610961914,-23.66110610961914,-23.66110610961914,-23.66110610961914,-23.66110610961914,-23.66110610961914,-23.66110610961914,-23.66110610961914,-23.66110610961914,-23.66110610961914,-23.66110610961914,-25.615711212158203,-10.26469612121582,-18.907499313354492,-24.50584602355957,-23.66110610961914,-23.66110610961914,-23.66110610961914,-23.66110610961914,-23.66110610961914,-23.66110610961914,-23.66110610961914,-23.66110610961914,-23.66110610961914,-23.66110610961914,-23.66110610961914,-23.66110610961914,-23.66110610961914,-23.66110610961914,-23.66110610961914,-23.66110610961914,-23.66110610961914,-23.66110610961914,-23.66110610961914,-23.66110610961914,-23.66110610961914,-23.66110610961914,-23.66110610961914,-23.66110610961914,-23.66110610961914,-23.66110610961914,-23.66110610961914,-23.66110610961914,-23.66110610961914,-23.66110610961914,-23.66110610961914,-23.66110610961914,-25.096708297729492,-23.66110610961914,-23.66110610961914,-17.196996688842773,-23.66110610961914,-23.66110610961914,-24.414363861083984,-23.66110610961914,-23.66110610961914,-23.66110610961914,-23.66110610961914,-23.66110610961914,-23.66110610961914,-23.66110610961914,-23.66110610961914,-23.66110610961914,-23.66110610961914,-23.66110610961914,-23.66110610961914,-23.66110610961914,-23.66110610961914,-23.66110610961914,-23.66110610961914,-23.66110610961914,-23.66110610961914,-23.66110610961914,-11.508402824401855,-23.66110610961914,-23.66110610961914,-23.66110610961914,-23.66110610961914,-23.66110610961914,-23.66110610961914,-23.66110610961914,-23.66110610961914,-23.66110610961914,-23.66110610961914,-23.66110610961914,-23.66110610961914,-23.66110610961914,-23.66110610961914,-23.66110610961914,-23.66110610961914,-23.66110610961914,-23.66110610961914,-23.66110610961914,-23.66110610961914,-23.66110610961914,-23.66110610961914,-23.66110610961914,-23.66110610961914,-23.66110610961914,-23.66110610961914,-23.66110610961914,-23.66110610961914,-23.66110610961914,-inf,-inf,-inf,-inf,-inf,-inf,-inf,-inf,-inf,-inf,-inf,-inf,-inf,-inf,-inf,-inf,-inf,-inf,-inf,-inf,-23.66110610961914,-18.92865562438965,-25.232553482055664,-7.018385410308838,-13.581478118896484,-12.527397155761719,-14.170514106750488,-15.157312393188477,-16.10276222229004,-13.79150676727295,-22.772912979125977,-22.772912979125977,-22.772912979125977,-22.772912979125977,-22.772912979125977,-9.508060455322266,-22.772912979125977,-22.772912979125977,-22.772912979125977,-22.772912979125977,-22.772912979125977,-22.772912979125977,-22.772912979125977,-22.772912979125977,-23.92072105407715,-22.772912979125977,-22.772912979125977,-22.772912979125977,-22.772912979125977,-22.955902099609375,-22.772912979125977,-10.109031677246094,-22.772912979125977,-22.772912979125977,-22.772912979125977,-22.772912979125977,-23.030044555664062,-22.772912979125977,-22.772912979125977,-22.772912979125977,-22.772912979125977,-22.772912979125977,-22.772912979125977,-22.772912979125977,-22.772912979125977,-22.772912979125977,-22.772912979125977,-22.772912979125977,-22.772912979125977,-22.772912979125977,-22.772912979125977,-22.772912979125977,-22.772912979125977,-22.772912979125977,-22.772912979125977,-22.772912979125977,-22.772912979125977,-22.772912979125977,-22.772912979125977,-22.85702896118164,-22.772912979125977,-22.772912979125977,-22.772912979125977,-22.772912979125977,-17.03263282775879,-22.772912979125977,-22.772912979125977,-22.772912979125977,-22.772912979125977,-22.772912979125977,-22.772912979125977,-22.772912979125977,-22.772912979125977,-22.772912979125977,-22.772912979125977,-22.772912979125977,-22.772912979125977,-22.772912979125977,-22.772912979125977,-22.772912979125977,-23.924392700195312,-11.34359359741211,-23.073461532592773,-22.734107971191406,-22.772912979125977,-22.772912979125977,-22.772912979125977,-22.772912979125977,-22.772912979125977,-22.772912979125977,-22.772912979125977,-22.772912979125977,-22.772912979125977,-22.772912979125977,-22.772912979125977,-22.772912979125977,-22.772912979125977,-22.772912979125977,-22.772912979125977,-22.772912979125977,-22.772912979125977,-22.772912979125977,-22.772912979125977,-22.772912979125977,-22.772912979125977,-22.772912979125977,-22.772912979125977,-22.772912979125977,-22.772912979125977,-22.772912979125977,-22.772912979125977,-22.772912979125977,-22.772912979125977,-22.772912979125977,-22.772912979125977,-22.772912979125977,-22.251039505004883,-22.772912979125977,-22.772912979125977,-23.03946304321289,-22.772912979125977,-22.772912979125977,-12.610923767089844,-22.772912979125977,-22.772912979125977,-22.772912979125977,-22.772912979125977,-22.772912979125977,-22.772912979125977,-22.772912979125977,-22.772912979125977,-22.772912979125977,-22.772912979125977,-22.772912979125977,-22.772912979125977,-22.772912979125977,-22.772912979125977,-22.772912979125977,-22.772912979125977,-22.772912979125977,-22.772912979125977,-22.772912979125977,-23.781465530395508,-22.772912979125977,-22.772912979125977,-22.772912979125977,-22.772912979125977,-22.772912979125977,-22.772912979125977,-22.772912979125977,-22.772912979125977,-22.772912979125977,-22.772912979125977,-22.772912979125977,-22.772912979125977,-22.772912979125977,-22.772912979125977,-22.772912979125977,-22.772912979125977,-22.772912979125977,-22.772912979125977,-22.772912979125977,-22.772912979125977,-22.772912979125977,-22.772912979125977,-22.772912979125977,-22.772912979125977,-22.772912979125977,-22.772912979125977,-22.772912979125977,-22.772912979125977,-22.772912979125977,-inf,-inf,-inf,-inf,-inf,-inf,-inf,-inf,-inf,-inf,-inf,-inf,-inf,-inf,-inf,-inf,-inf,-inf,-inf,-inf,-0.00013541258522309363,-12.15910530090332,-19.986351013183594,-19.986351013183594,-19.986351013183594,-19.986351013183594,-19.986351013183594,-8.775861740112305,-19.986351013183594,-19.986351013183594,-19.986351013183594,-19.986351013183594,-19.986351013183594,-19.986351013183594,-19.986351013183594,-19.986351013183594,-19.937225341796875,-19.986351013183594,-19.986351013183594,-19.986351013183594,-19.986351013183594,-9.59050178527832,-19.986351013183594,-19.75538444519043,-19.986351013183594,-19.986351013183594,-19.986351013183594,-19.986351013183594,-20.569902420043945,-19.986351013183594,-19.986351013183594,-19.986351013183594,-19.986351013183594,-19.986351013183594,-19.986351013183594,-19.986351013183594,-19.986351013183594,-19.986351013183594,-19.986351013183594,-19.986351013183594,-19.986351013183594,-19.986351013183594,-19.986351013183594,-19.986351013183594,-19.986351013183594,-19.986351013183594,-19.986351013183594,-19.986351013183594,-19.986351013183594,-19.986351013183594,-19.986351013183594,-19.971073150634766,-19.986351013183594,-19.986351013183594,-19.986351013183594,-19.986351013183594,-20.5318603515625,-19.986351013183594,-19.986351013183594,-19.986351013183594,-19.986351013183594,-19.986351013183594,-19.986351013183594,-19.986351013183594,-19.986351013183594,-19.986351013183594,-19.986351013183594,-19.986351013183594,-19.986351013183594,-19.986351013183594,-19.986351013183594,-19.986351013183594,-21.309120178222656,-20.638011932373047,-20.291263580322266,-17.128374099731445,-19.986351013183594,-19.986351013183594,-19.986351013183594,-19.986351013183594,-19.986351013183594,-19.986351013183594,-19.986351013183594,-19.986351013183594,-19.986351013183594,-19.986351013183594,-19.986351013183594,-19.986351013183594,-19.986351013183594,-19.986351013183594,-19.986351013183594,-19.986351013183594,-19.986351013183594,-19.986351013183594,-19.986351013183594,-19.986351013183594,-19.986351013183594,-19.986351013183594,-19.986351013183594,-19.986351013183594,-19.986351013183594,-19.986351013183594,-19.986351013183594,-19.986351013183594,-19.986351013183594,-19.986351013183594,-19.986351013183594,-19.986351013183594,-0.00047267231275327504,-19.986351013183594,-19.986351013183594,-19.00851821899414,-19.986351013183594,-19.986351013183594,-21.260541915893555,-19.986351013183594,-19.986351013183594,-19.986351013183594,-19.986351013183594,-19.986351013183594,-19.986351013183594,-19.986351013183594,-19.986351013183594,-19.986351013183594,-19.986351013183594,-19.986351013183594,-19.986351013183594,-19.986351013183594,-19.986351013183594,-19.986351013183594,-19.986351013183594,-19.986351013183594,-19.986351013183594,-19.986351013183594,-20.0739688873291,-19.986351013183594,-19.986351013183594,-19.986351013183594,-19.986351013183594,-19.986351013183594,-19.986351013183594,-19.986351013183594,-19.986351013183594,-19.986351013183594,-19.986351013183594,-19.986351013183594,-19.986351013183594,-19.986351013183594,-19.986351013183594,-19.986351013183594,-19.986351013183594,-19.986351013183594,-19.986351013183594,-19.986351013183594,-19.986351013183594,-19.986351013183594,-19.986351013183594,-19.986351013183594,-19.986351013183594,-19.986351013183594,-19.986351013183594,-19.986351013183594,-19.986351013183594,-19.986351013183594,-inf,-inf,-inf,-inf,-inf,-inf,-inf,-inf,-inf,-inf,-inf,-inf,-inf,-inf,-inf,-inf,-inf,-inf,-inf,-inf,-8.767658233642578,-9.275321006774902
17,-22.81385040283203,-22.81385040283203,-22.81385040283203,-22.81385040283203,-22.81385040283203,-10.710963249206543,-22.81385040283203,-22.81385040283203,-22.81385040283203,-22.81385040283203,-22.81385040283203,-22.81385040283203,-22.81385040283203,-22.81385040283203,-28.097578048706055,-22.81385040283203,-22.81385040283203,-22.81385040283203,-22.81385040283203,-27.387563705444336,-22.81385040283203,-0.0015923213213682175,-22.81385040283203,-22.81385040283203,-22.81385040283203,-22.81385040283203,-21.541187286376953,-22.81385040283203,-22.81385040283203,-22.81385040283203,-22.81385040283203,-22.81385040283203,-22.81385040283203,-22.81385040283203,-22.81385040283203,-22.81385040283203,-22.81385040283203,-22.81385040283203,-22.81385040283203,-22.81385040283203,-22.81385040283203,-22.81385040283203,-22.81385040283203,-22.81385040283203,-22.81385040283203,-22.81385040283203,-22.81385040283203,-22.81385040283203,-22.81385040283203,-11.76309585571289,-22.81385040283203,-22.81385040283203,-22.81385040283203,-22.81385040283203,-24.310829162597656,-22.81385040283203,-22.81385040283203,-22.81385040283203,-22.81385040283203,-22.81385040283203,-22.81385040283203,-22.81385040283203,-22.81385040283203,-22.81385040283203,-22.81385040283203,-22.81385040283203,-22.81385040283203,-22.81385040283203,-22.81385040283203,-22.81385040283203,-23.293161392211914,-6.464660167694092,-19.020545959472656,-23.440237045288086,-22.81385040283203,-22.81385040283203,-22.81385040283203,-22.81385040283203,-22.81385040283203,-22.81385040283203,-22.81385040283203,-22.81385040283203,-22.81385040283203,-22.81385040283203,-22.81385040283203,-22.81385040283203,-22.81385040283203,-22.81385040283203,-22.81385040283203,-22.81385040283203,-22.81385040283203,-22.81385040283203,-22.81385040283203,-22.81385040283203,-22.81385040283203,-22.81385040283203,-22.81385040283203,-22.81385040283203,-22.81385040283203,-22.81385040283203,-22.81385040283203,-22.81385040283203,-22.81385040283203,-22.81385040283203,-22.81385040283203,-22.81385040283203,-24.0823974609375,-22.81385040283203,-22.81385040283203,-18.39742088317871,-22.81385040283203,-22.81385040283203,-23.610471725463867,-22.81385040283203,-22.81385040283203,-22.81385040283203,-22.81385040283203,-22.81385040283203,-22.81385040283203,-22.81385040283203,-22.81385040283203,-22.81385040283203,-22.81385040283203,-22.81385040283203,-22.81385040283203,-22.81385040283203,-22.81385040283203,-22.81385040283203,-22.81385040283203,-22.81385040283203,-22.81385040283203,-22.81385040283203,-12.548763275146484,-22.81385040283203,-22.81385040283203,-22.81385040283203,-22.81385040283203,-22.81385040283203,-22.81385040283203,-22.81385040283203,-22.81385040283203,-22.81385040283203,-22.81385040283203,-22.81385040283203,-22.81385040283203,-22.81385040283203,-22.81385040283203,-22.81385040283203,-22.81385040283203,-22.81385040283203,-22.81385040283203,-22.81385040283203,-22.81385040283203,-22.81385040283203,-22.81385040283203,-22.81385040283203,-22.81385040283203,-22.81385040283203,-22.81385040283203,-22.81385040283203,-22.81385040283203,-22.81385040283203,-inf,-inf,-inf,-inf,-inf,-inf,-inf,-inf,-inf,-inf,-inf,-inf,-inf,-inf,-inf,-inf,-inf,-inf,-inf,-inf,-22.81385040283203,-20.071998596191406,-21.45062255859375,4.042007923126221,-14.77735710144043,-8.466253280639648,-13.41755485534668,-14.852691650390625,-15.602500915527344,-14.07332706451416,-25.72208595275879,-25.72208595275879,-25.72208595275879,-25.72208595275879,-25.72208595275879,-14.18918514251709,-25.72208595275879,-25.72208595275879,-25.72208595275879,-25.72208595275879,-25.72208595275879,-25.72208595275879,-25.72208595275879,-25.72208595275879,-26.5532169342041,-25.72208595275879,-25.72208595275879,-25.72208595275879,-25.72208595275879,-29.309541702270508,-25.72208595275879,-15.621274948120117,-25.72208595275879,-25.72208595275879,-25.72208595275879,-25.72208595275879,-26.084932327270508,-25.72208595275879,-25.72208595275879,-25.72208595275879,-25.72208595275879,-25.72208595275879,-25.72208595275879,-25.72208595275879,-25.72208595275879,-25.72208595275879,-25.72208595275879,-25.72208595275879,-25.72208595275879,-25.72208595275879,-25.72208595275879,-25.72208595275879,-25.72208595275879,-25.72208595275879,-25.72208595275879,-25.72208595275879,-25.72208595275879,-25.72208595275879,-25.72208595275879,-25.520084381103516,-25.72208595275879,-25.72208595275879,-25.72208595275879,-25.72208595275879,-16.33709144592285,-25.72208595275879,-25.72208595275879,-25.72208595275879,-25.72208595275879,-25.72208595275879,-25.72208595275879,-25.72208595275879,-25.72208595275879,-25.72208595275879,-25.72208595275879,-25.72208595275879,-25.72208595275879,-25.72208595275879,-25.72208595275879,-25.72208595275879,-27.668180465698242,-15.922223091125488,-26.280061721801758,-25.63802146911621,-25.72208595275879,-25.72208595275879,-25.72208595275879,-25.72208595275879,-25.72208595275879,-25.72208595275879,-25.72208595275879,-25.72208595275879,-25.72208595275879,-25.72208595275879,-25.72208595275879,-25.72208595275879,-25.72208595275879,-25.72208595275879,-25.72208595275879,-25.72208595275879,-25.72208595275879,-25.72208595275879,-25.72208595275879,-25.72208595275879,-25.72208595275879,-25.72208595275879,-25.72208595275879,-25.72208595275879,-25.72208595275879,-25.72208595275879,-25.72208595275879,-25.72208595275879,-25.72208595275879,-25.72208595275879,-25.72208595275879,-25.72208595275879,-24.887601852416992,-25.72208595275879,-25.72208595275879,-26.294757843017578,-25.72208595275879,-25.72208595275879,-14.484321594238281,-25.72208595275879,-25.72208595275879,-25.72208595275879,-25.72208595275879,-25.72208595275879,-25.72208595275879,-25.72208595275879,-25.72208595275879,-25.72208595275879,-25.72208595275879,-25.72208595275879,-25.72208595275879,-25.72208595275879,-25.72208595275879,-25.72208595275879,-25.72208595275879,-25.72208595275879,-25.72208595275879,-25.72208595275879,-27.000980377197266,-25.72208595275879,-25.72208595275879,-25.72208595275879,-25.72208595275879,-25.72208595275879,-25.72208595275879,-25.72208595275879,-25.72208595275879,-25.72208595275879,-25.72208595275879,-25.72208595275879,-25.72208595275879,-25.72208595275879,-25.72208595275879,-25.72208595275879,-25.72208595275879,-25.72208595275879,-25.72208595275879,-25.72208595275879,-25.72208595275879,-25.72208595275879,-25.72208595275879,-25.72208595275879,-25.72208595275879,-25.72208595275879,-25.72208595275879,-25.72208595275879,-25.72208595275879,-25.72208595275879,-inf,-inf,-inf,-inf,-inf,-inf,-inf,-inf,-inf,-inf,-inf,-inf,-inf,-inf,-inf,-inf,-inf,-inf,-inf,-inf,-2.145764938177308e-06,-14.310531616210938,-22.646202087402344,-22.646202087402344,-22.646202087402344,-22.646202087402344,-22.646202087402344,-11.07729721069336,-22.646202087402344,-22.646202087402344,-22.646202087402344,-22.646202087402344,-22.646202087402344,-22.646202087402344,-22.646202087402344,-22.646202087402344,-22.650291442871094,-22.646202087402344,-22.646202087402344,-22.646202087402344,-22.646202087402344,-10.55445671081543,-22.646202087402344,-22.77394676208496,-22.646202087402344,-22.646202087402344,-22.646202087402344,-22.646202087402344,-22.955297470092773,-22.646202087402344,-22.646202087402344,-22.646202087402344,-22.646202087402344,-22.646202087402344,-22.646202087402344,-22.646202087402344,-22.646202087402344,-22.646202087402344,-22.646202087402344,-22.646202087402344,-22.646202087402344,-22.646202087402344,-22.646202087402344,-22.646202087402344,-22.646202087402344,-22.646202087402344,-22.646202087402344,-22.646202087402344,-22.646202087402344,-22.646202087402344,-22.646202087402344,-22.336517333984375,-22.646202087402344,-22.646202087402344,-22.646202087402344,-22.646202087402344,-23.50127601623535,-22.646202087402344,-22.646202087402344,-22.646202087402344,-22.646202087402344,-22.646202087402344,-22.646202087402344,-22.646202087402344,-22.646202087402344,-22.646202087402344,-22.646202087402344,-22.646202087402344,-22.646202087402344,-22.646202087402344,-22.646202087402344,-22.646202087402344,-24.503019332885742,-23.27937889099121,-23.149810791015625,-18.65329360961914,-22.646202087402344,-22.646202087402344,-22.646202087402344,-22.646202087402344,-22.646202087402344,-22.646202087402344,-22.646202087402344,-22.646202087402344,-22.646202087402344,-22.646202087402344,-22.646202087402344,-22.646202087402344,-22.646202087402344,-22.646202087402344,-22.646202087402344,-22.646202087402344,-22.646202087402344,-22.646202087402344,-22.646202087402344,-22.646202087402344,-22.646202087402344,-22.646202087402344,-22.646202087402344,-22.646202087402344,-22.646202087402344,-22.646202087402344,-22.646202087402344,-22.646202087402344,-22.646202087402344,-22.646202087402344,-22.646202087402344,-22.646202087402344,-8.118793487548828,-22.646202087402344,-22.646202087402344,-21.31947135925293,-22.646202087402344,-22.646202087402344,-23.608715057373047,-22.646202087402344,-22.646202087402344,-22.646202087402344,-22.646202087402344,-22.646202087402344,-22.646202087402344,-22.646202087402344,-22.646202087402344,-22.646202087402344,-22.646202087402344,-22.646202087402344,-22.646202087402344,-22.646202087402344,-22.646202087402344,-22.646202087402344,-22.646202087402344,-22.646202087402344,-22.646202087402344,-22.646202087402344,-22.642757415771484,-22.646202087402344,-22.646202087402344,-22.646202087402344,-22.646202087402344,-22.646202087402344,-22.646202087402344,-22.646202087402344,-22.646202087402344,-22.646202087402344,-22.646202087402344,-22.646202087402344,-22.646202087402344,-22.646202087402344,-22.646202087402344,-22.646202087402344,-22.646202087402344,-22.646202087402344,-22.646202087402344,-22.646202087402344,-22.646202087402344,-22.646202087402344,-22.646202087402344,-22.646202087402344,-22.646202087402344,-22.646202087402344,-22.646202087402344,-22.646202087402344,-22.646202087402344,-22.646202087402344,-inf,-inf,-inf,-inf,-inf,-inf,-inf,-inf,-inf,-inf,-inf,-inf,-inf,-inf,-inf,-inf,-inf,-inf,-inf,-inf,-0.00036042393185198307,-10.77757453918457
