Task,Object_0_aluminium foil,Object_1_anchovy,Object_2_apple,Object_3_arugula,Object_4_bacon,Object_5_baking tray,Object_6_banana,Object_7_banana pudding,Object_8_banana pudding mix,Object_9_basil,Object_10_batter,Object_11_biscuit,Object_12_biscuit dough,Object_13_black bean,Object_14_black pepper,Object_15_blender,Object_16_blender cup,Object_17_blender jar,Object_18_bloody mary,Object_19_bowl,Object_20_bread,Object_21_breadcrumb,Object_22_broccoli,Object_23_brown sugar,Object_24_brownie,Object_25_brownie batter,Object_26_butter,Object_27_cabbage,Object_28_caesar salad,Object_29_canola oil,Object_30_carrot,Object_31_carrot salad,Object_32_cayenne pepper,Object_33_celery,Object_34_celery salt,Object_35_cheddar,Object_36_cheese,Object_37_cheese sauce,Object_38_chili sauce,Object_39_chocolate chip,Object_40_chocolate chip cookie,Object_41_cilantro,Object_42_club sandwich,Object_43_coffee,Object_44_condensed milk,Object_45_cooked salmon,Object_46_cookie dough,Object_47_cooking pan,Object_48_cooking spray,Object_49_coriander,Object_50_crayfish mixture,Object_51_cream,Object_52_cream cheese,Object_53_cucumber,Object_54_cutting board,Object_55_dalgona coffee,Object_56_dill,Object_57_drinking glass,Object_58_egg mixture,Object_59_egg white and yolk,Object_60_egg yolk,Object_61_escarole,Object_62_feta cheese,Object_63_fish mixture,Object_64_flaxseed,Object_65_flour,Object_66_flour mixture,Object_67_food processor,Object_68_food processor bowl,Object_69_fridge,Object_70_garlic,Object_71_garlic bread,Object_72_garlic butter,Object_73_garlic press,Object_74_garlic salt,Object_75_ginger,Object_76_grapeseed oil,Object_77_greek salad dressing,Object_78_green bean,Object_79_grill,Object_80_grilled shrimp,Object_81_ham,Object_82_hash brown,Object_83_heavy cream,Object_84_highball glass,Object_85_hot sauce,Object_86_instant coffee,Object_87_jar,Object_88_lemon,Object_89_lemon extract,Object_90_lemon grass,Object_91_lemon juice,Object_92_macaroni,Object_93_macaroni and cheese,Object_94_matzo,Object_95_mayonnaise,Object_96_microwave,Object_97_milk,Object_98_mixer,Object_99_mixing bowl,Object_100_mozzarella,Object_101_muffin pan,Object_102_mustard,Object_103_oil mixture,Object_104_olive oil,Object_105_onion,Object_106_oven,Object_107_pan,Object_108_pancake mix,Object_109_parchment paper,Object_110_pasta mix,Object_111_pineapple,Object_112_plate,Object_113_pot,Object_114_potato,Object_115_potato mixture,Object_116_powdered sugar,Object_117_protein shake,Object_118_pudding,Object_119_pudding mixture,Object_120_raisin,Object_121_red onion,Object_122_refined sugar,Object_123_relish,Object_124_salad,Object_125_salad bowl,Object_126_salad dressing,Object_127_salad mix,Object_128_salmon,Object_129_salt,Object_130_salt pepper mixture,Object_131_saran wrap,Object_132_sea salt,Object_133_sesame oil,Object_134_shrimp,Object_135_skillet,Object_136_sour cream,Object_137_spring onion,Object_138_stove,Object_139_strawberry,Object_140_sugar,Object_141_sweetener,Object_142_tobasco sauce,Object_143_tomato,Object_144_tomato juice,Object_145_tray,Object_146_tuna,Object_147_tuna sandwich,Object_148_tuna spread,Object_149_turkey,Object_150_vanilla extract,Object_151_vanilla wafer,Object_152_vegetable oil,Object_153_vinegar,Object_154_vodka,Object_155_water,Object_156_water ice,Object_157_whey powder,Object_158_whipped coffee,Object_159_whipped cream,Object_160_worcestershire sauce,Object_161_yogurt,Object_162_0,Object_163_1,Object_164_2,Object_165_3,Object_166_4,Object_167_5,Object_168_6,Object_169_7,Object_170_8,Object_171_9,Object_172_10,Object_173_11,Object_174_12,Object_175_13,Object_176_14,Object_177_15,Object_178_16,Object_179_17,Object_180_18,Object_181_19,Object_182_none,Object_183_<PAD>,State_0_chopped,State_1_cooked,State_2_diced,State_3_exist,State_4_fried,State_5_peeled,State_6_sliced,State_7_none,Relation_on_0_aluminium foil,Relation_on_1_anchovy,Relation_on_2_apple,Relation_on_3_arugula,Relation_on_4_bacon,Relation_on_5_baking tray,Relation_on_6_banana,Relation_on_7_banana pudding,Relation_on_8_banana pudding mix,Relation_on_9_basil,Relation_on_10_batter,Relation_on_11_biscuit,Relation_on_12_biscuit dough,Relation_on_13_black bean,Relation_on_14_black pepper,Relation_on_15_blender,Relation_on_16_blender cup,Relation_on_17_blender jar,Relation_on_18_bloody mary,Relation_on_19_bowl,Relation_on_20_bread,Relation_on_21_breadcrumb,Relation_on_22_broccoli,Relation_on_23_brown sugar,Relation_on_24_brownie,Relation_on_25_brownie batter,Relation_on_26_butter,Relation_on_27_cabbage,Relation_on_28_caesar salad,Relation_on_29_canola oil,Relation_on_30_carrot,Relation_on_31_carrot salad,Relation_on_32_cayenne pepper,Relation_on_33_celery,Relation_on_34_celery salt,Relation_on_35_cheddar,Relation_on_36_cheese,Relation_on_37_cheese sauce,Relation_on_38_chili sauce,Relation_on_39_chocolate chip,Relation_on_40_chocolate chip cookie,Relation_on_41_cilantro,Relation_on_42_club sandwich,Relation_on_43_coffee,Relation_on_44_condensed milk,Relation_on_45_cooked salmon,Relation_on_46_cookie dough,Relation_on_47_cooking pan,Relation_on_48_cooking spray,Relation_on_49_coriander,Relation_on_50_crayfish mixture,Relation_on_51_cream,Relation_on_52_cream cheese,Relation_on_53_cucumber,Relation_on_54_cutting board,Relation_on_55_dalgona coffee,Relation_on_56_dill,Relation_on_57_drinking glass,Relation_on_58_egg mixture,Relation_on_59_egg white and yolk,Relation_on_60_egg yolk,Relation_on_61_escarole,Relation_on_62_feta cheese,Relation_on_63_fish mixture,Relation_on_64_flaxseed,Relation_on_65_flour,Relation_on_66_flour mixture,Relation_on_67_food processor,Relation_on_68_food processor bowl,Relation_on_69_fridge,Relation_on_70_garlic,Relation_on_71_garlic bread,Relation_on_72_garlic butter,Relation_on_73_garlic press,Relation_on_74_garlic salt,Relation_on_75_ginger,Relation_on_76_grapeseed oil,Relation_on_77_greek salad dressing,Relation_on_78_green bean,Relation_on_79_grill,Relation_on_80_grilled shrimp,Relation_on_81_ham,Relation_on_82_hash brown,Relation_on_83_heavy cream,Relation_on_84_highball glass,Relation_on_85_hot sauce,Relation_on_86_instant coffee,Relation_on_87_jar,Relation_on_88_lemon,Relation_on_89_lemon extract,Relation_on_90_lemon grass,Relation_on_91_lemon juice,Relation_on_92_macaroni,Relation_on_93_macaroni and cheese,Relation_on_94_matzo,Relation_on_95_mayonnaise,Relation_on_96_microwave,Relation_on_97_milk,Relation_on_98_mixer,Relation_on_99_mixing bowl,Relation_on_100_mozzarella,Relation_on_101_muffin pan,Relation_on_102_mustard,Relation_on_103_oil mixture,Relation_on_104_olive oil,Relation_on_105_onion,Relation_on_106_oven,Relation_on_107_pan,Relation_on_108_pancake mix,Relation_on_109_parchment paper,Relation_on_110_pasta mix,Relation_on_111_pineapple,Relation_on_112_plate,Relation_on_113_pot,Relation_on_114_potato,Relation_on_115_potato mixture,Relation_on_116_powdered sugar,Relation_on_117_protein shake,Relation_on_118_pudding,Relation_on_119_pudding mixture,Relation_on_120_raisin,Relation_on_121_red onion,Relation_on_122_refined sugar,Relation_on_123_relish,Relation_on_124_salad,Relation_on_125_salad bowl,Relation_on_126_salad dressing,Relation_on_127_salad mix,Relation_on_128_salmon,Relation_on_129_salt,Relation_on_130_salt pepper mixture,Relation_on_131_saran wrap,Relation_on_132_sea salt,Relation_on_133_sesame oil,Relation_on_134_shrimp,Relation_on_135_skillet,Relation_on_136_sour cream,Relation_on_137_spring onion,Relation_on_138_stove,Relation_on_139_strawberry,Relation_on_140_sugar,Relation_on_141_sweetener,Relation_on_142_tobasco sauce,Relation_on_143_tomato,Relation_on_144_tomato juice,Relation_on_145_tray,Relation_on_146_tuna,Relation_on_147_tuna sandwich,Relation_on_148_tuna spread,Relation_on_149_turkey,Relation_on_150_vanilla extract,Relation_on_151_vanilla wafer,Relation_on_152_vegetable oil,Relation_on_153_vinegar,Relation_on_154_vodka,Relation_on_155_water,Relation_on_156_water ice,Relation_on_157_whey powder,Relation_on_158_whipped coffee,Relation_on_159_whipped cream,Relation_on_160_worcestershire sauce,Relation_on_161_yogurt,Relation_on_162_0,Relation_on_163_1,Relation_on_164_2,Relation_on_165_3,Relation_on_166_4,Relation_on_167_5,Relation_on_168_6,Relation_on_169_7,Relation_on_170_8,Relation_on_171_9,Relation_on_172_10,Relation_on_173_11,Relation_on_174_12,Relation_on_175_13,Relation_on_176_14,Relation_on_177_15,Relation_on_178_16,Relation_on_179_17,Relation_on_180_18,Relation_on_181_19,Relation_on_182_none,Relation_on_183_<PAD>,Relation_in_0_aluminium foil,Relation_in_1_anchovy,Relation_in_2_apple,Relation_in_3_arugula,Relation_in_4_bacon,Relation_in_5_baking tray,Relation_in_6_banana,Relation_in_7_banana pudding,Relation_in_8_banana pudding mix,Relation_in_9_basil,Relation_in_10_batter,Relation_in_11_biscuit,Relation_in_12_biscuit dough,Relation_in_13_black bean,Relation_in_14_black pepper,Relation_in_15_blender,Relation_in_16_blender cup,Relation_in_17_blender jar,Relation_in_18_bloody mary,Relation_in_19_bowl,Relation_in_20_bread,Relation_in_21_breadcrumb,Relation_in_22_broccoli,Relation_in_23_brown sugar,Relation_in_24_brownie,Relation_in_25_brownie batter,Relation_in_26_butter,Relation_in_27_cabbage,Relation_in_28_caesar salad,Relation_in_29_canola oil,Relation_in_30_carrot,Relation_in_31_carrot salad,Relation_in_32_cayenne pepper,Relation_in_33_celery,Relation_in_34_celery salt,Relation_in_35_cheddar,Relation_in_36_cheese,Relation_in_37_cheese sauce,Relation_in_38_chili sauce,Relation_in_39_chocolate chip,Relation_in_40_chocolate chip cookie,Relation_in_41_cilantro,Relation_in_42_club sandwich,Relation_in_43_coffee,Relation_in_44_condensed milk,Relation_in_45_cooked salmon,Relation_in_46_cookie dough,Relation_in_47_cooking pan,Relation_in_48_cooking spray,Relation_in_49_coriander,Relation_in_50_crayfish mixture,Relation_in_51_cream,Relation_in_52_cream cheese,Relation_in_53_cucumber,Relation_in_54_cutting board,Relation_in_55_dalgona coffee,Relation_in_56_dill,Relation_in_57_drinking glass,Relation_in_58_egg mixture,Relation_in_59_egg white and yolk,Relation_in_60_egg yolk,Relation_in_61_escarole,Relation_in_62_feta cheese,Relation_in_63_fish mixture,Relation_in_64_flaxseed,Relation_in_65_flour,Relation_in_66_flour mixture,Relation_in_67_food processor,Relation_in_68_food processor bowl,Relation_in_69_fridge,Relation_in_70_garlic,Relation_in_71_garlic bread,Relation_in_72_garlic butter,Relation_in_73_garlic press,Relation_in_74_garlic salt,Relation_in_75_ginger,Relation_in_76_grapeseed oil,Relation_in_77_greek salad dressing,Relation_in_78_green bean,Relation_in_79_grill,Relation_in_80_grilled shrimp,Relation_in_81_ham,Relation_in_82_hash brown,Relation_in_83_heavy cream,Relation_in_84_highball glass,Relation_in_85_hot sauce,Relation_in_86_instant coffee,Relation_in_87_jar,Relation_in_88_lemon,Relation_in_89_lemon extract,Relation_in_90_lemon grass,Relation_in_91_lemon juice,Relation_in_92_macaroni,Relation_in_93_macaroni and cheese,Relation_in_94_matzo,Relation_in_95_mayonnaise,Relation_in_96_microwave,Relation_in_97_milk,Relation_in_98_mixer,Relation_in_99_mixing bowl,Relation_in_100_mozzarella,Relation_in_101_muffin pan,Relation_in_102_mustard,Relation_in_103_oil mixture,Relation_in_104_olive oil,Relation_in_105_onion,Relation_in_106_oven,Relation_in_107_pan,Relation_in_108_pancake mix,Relation_in_109_parchment paper,Relation_in_110_pasta mix,Relation_in_111_pineapple,Relation_in_112_plate,Relation_in_113_pot,Relation_in_114_potato,Relation_in_115_potato mixture,Relation_in_116_powdered sugar,Relation_in_117_protein shake,Relation_in_118_pudding,Relation_in_119_pudding mixture,Relation_in_120_raisin,Relation_in_121_red onion,Relation_in_122_refined sugar,Relation_in_123_relish,Relation_in_124_salad,Relation_in_125_salad bowl,Relation_in_126_salad dressing,Relation_in_127_salad mix,Relation_in_128_salmon,Relation_in_129_salt,Relation_in_130_salt pepper mixture,Relation_in_131_saran wrap,Relation_in_132_sea salt,Relation_in_133_sesame oil,Relation_in_134_shrimp,Relation_in_135_skillet,Relation_in_136_sour cream,Relation_in_137_spring onion,Relation_in_138_stove,Relation_in_139_strawberry,Relation_in_140_sugar,Relation_in_141_sweetener,Relation_in_142_tobasco sauce,Relation_in_143_tomato,Relation_in_144_tomato juice,Relation_in_145_tray,Relation_in_146_tuna,Relation_in_147_tuna sandwich,Relation_in_148_tuna spread,Relation_in_149_turkey,Relation_in_150_vanilla extract,Relation_in_151_vanilla wafer,Relation_in_152_vegetable oil,Relation_in_153_vinegar,Relation_in_154_vodka,Relation_in_155_water,Relation_in_156_water ice,Relation_in_157_whey powder,Relation_in_158_whipped coffee,Relation_in_159_whipped cream,Relation_in_160_worcestershire sauce,Relation_in_161_yogurt,Relation_in_162_0,Relation_in_163_1,Relation_in_164_2,Relation_in_165_3,Relation_in_166_4,Relation_in_167_5,Relation_in_168_6,Relation_in_169_7,Relation_in_170_8,Relation_in_171_9,Relation_in_172_10,Relation_in_173_11,Relation_in_174_12,Relation_in_175_13,Relation_in_176_14,Relation_in_177_15,Relation_in_178_16,Relation_in_179_17,Relation_in_180_18,Relation_in_181_19,Relation_in_182_none,Relation_in_183_<PAD>
1,-11.520926475524902,-11.520926475524902,-11.520926475524902,-11.520926475524902,-11.520926475524902,-11.520926475524902,-11.520926475524902,-11.520926475524902,-11.520926475524902,-11.520926475524902,-11.520926475524902,-11.520926475524902,-11.520926475524902,-10.871028900146484,-11.520926475524902,-11.520926475524902,-11.520926475524902,-11.520926475524902,-11.520926475524902,-10.40557861328125,-11.520926475524902,-11.520926475524902,-11.520926475524902,-11.520926475524902,-11.520926475524902,-11.520926475524902,-11.520926475524902,-11.520926475524902,-11.520926475524902,-11.520926475524902,-11.520926475524902,-11.520926475524902,-8.378681182861328,-11.520926475524902,-11.520926475524902,-11.520926475524902,-11.520926475524902,-11.520926475524902,-11.520926475524902,-11.520926475524902,-11.520926475524902,-11.520926475524902,-11.520926475524902,-11.520926475524902,-11.520926475524902,-11.520926475524902,-11.520926475524902,-11.520926475524902,-11.520926475524902,-11.520926475524902,-11.520926475524902,-11.520926475524902,-11.520926475524902,-11.520926475524902,-12.287105560302734,-11.520926475524902,-3.73760986328125,-11.520926475524902,-11.520926475524902,-11.520926475524902,-11.520926475524902,-11.520926475524902,-11.520926475524902,-11.520926475524902,-11.520926475524902,-11.520926475524902,-11.520926475524902,-11.520926475524902,-11.520926475524902,-11.520926475524902,-13.166902542114258,-11.520926475524902,-11.520926475524902,-11.520926475524902,-11.520926475524902,-11.520926475524902,-11.520926475524902,-11.520926475524902,-11.520926475524902,-11.520926475524902,-11.520926475524902,-11.520926475524902,-11.520926475524902,-11.520926475524902,-11.520926475524902,-11.520926475524902,-11.520926475524902,-11.520926475524902,-11.520926475524902,-11.520926475524902,-11.520926475524902,-11.520926475524902,-11.520926475524902,-11.520926475524902,-11.520926475524902,-11.520926475524902,-11.520926475524902,-11.520926475524902,-11.520926475524902,-11.520926475524902,-11.520926475524902,-11.520926475524902,-11.520926475524902,-11.520926475524902,-11.520926475524902,-11.520926475524902,-11.520926475524902,-11.520926475524902,-11.520926475524902,-11.520926475524902,-11.520926475524902,-11.520926475524902,-11.520926475524902,-7.996397495269775,-11.520926475524902,-11.520926475524902,-11.520926475524902,-11.520926475524902,-11.520926475524902,-11.520926475524902,-11.520926475524902,-11.520926475524902,-11.520926475524902,-11.520926475524902,-11.520926475524902,-11.520926475524902,-11.520926475524902,-11.520926475524902,-11.520926475524902,-11.520926475524902,-11.520926475524902,-11.520926475524902,-11.528265953063965,-11.520926475524902,-11.520926475524902,-11.520926475524902,-11.520926475524902,-0.026518255472183228,-11.585482597351074,-11.520926475524902,-11.520926475524902,-11.520926475524902,-11.520926475524902,-11.520926475524902,-11.520926475524902,-11.520926475524902,-11.520926475524902,-11.520926475524902,-11.520926475524902,-11.520926475524902,-11.520926475524902,-11.520926475524902,-11.520926475524902,-11.520926475524902,-11.520926475524902,-11.520926475524902,-11.520926475524902,-11.520926475524902,-11.520926475524902,-11.520926475524902,-11.520926475524902,-11.520926475524902,-inf,-inf,-inf,-inf,-inf,-inf,-inf,-inf,-inf,-inf,-inf,-inf,-inf,-inf,-inf,-inf,-inf,-inf,-inf,-inf,-11.520926475524902,-13.522464752197266,-7.708202838897705,-9.722610473632812,-7.1155219078063965,-11.633606910705566,-10.038572311401367,-8.2642240524292,-9.772432327270508,-7.692927837371826,-24.19026756286621,-24.19026756286621,-24.19026756286621,-24.19026756286621,-24.19026756286621,-24.19026756286621,-24.19026756286621,-24.19026756286621,-24.19026756286621,-24.19026756286621,-24.19026756286621,-24.19026756286621,-24.19026756286621,-24.124404907226562,-24.19026756286621,-24.19026756286621,-24.19026756286621,-24.19026756286621,-24.19026756286621,-27.577743530273438,-24.19026756286621,-24.19026756286621,-24.19026756286621,-24.19026756286621,-24.19026756286621,-24.19026756286621,-24.19026756286621,-24.19026756286621,-24.19026756286621,-24.19026756286621,-24.19026756286621,-24.19026756286621,-23.946517944335938,-24.19026756286621,-24.19026756286621,-24.19026756286621,-24.19026756286621,-24.19026756286621,-24.19026756286621,-24.19026756286621,-24.19026756286621,-24.19026756286621,-24.19026756286621,-24.19026756286621,-24.19026756286621,-24.19026756286621,-24.19026756286621,-24.19026756286621,-24.19026756286621,-24.19026756286621,-24.19026756286621,-24.19026756286621,-24.19026756286621,-24.19026756286621,0.0,-24.19026756286621,-24.889530181884766,-24.19026756286621,-24.19026756286621,-24.19026756286621,-24.19026756286621,-24.19026756286621,-24.19026756286621,-24.19026756286621,-24.19026756286621,-24.19026756286621,-24.19026756286621,-24.19026756286621,-24.19026756286621,-24.19026756286621,-24.469446182250977,-24.19026756286621,-24.19026756286621,-24.19026756286621,-24.19026756286621,-24.19026756286621,-24.19026756286621,-24.19026756286621,-24.19026756286621,-24.19026756286621,-24.19026756286621,-24.19026756286621,-24.19026756286621,-24.19026756286621,-24.19026756286621,-24.19026756286621,-24.19026756286621,-24.19026756286621,-24.19026756286621,-24.19026756286621,-24.19026756286621,-24.19026756286621,-24.19026756286621,-24.19026756286621,-24.19026756286621,-24.19026756286621,-24.19026756286621,-24.19026756286621,-24.19026756286621,-24.19026756286621,-24.19026756286621,-24.19026756286621,-24.19026756286621,-24.19026756286621,-24.19026756286621,-24.19026756286621,-24.19026756286621,-24.19026756286621,-24.19026756286621,-24.19026756286621,-24.19026756286621,-24.19026756286621,-24.19026756286621,-24.07846450805664,-24.19026756286621,-24.19026756286621,-24.19026756286621,-24.19026756286621,-24.19026756286621,-24.19026756286621,-24.19026756286621,-24.19026756286621,-24.19026756286621,-24.19026756286621,-24.19026756286621,-24.19026756286621,-24.19026756286621,-24.19026756286621,-24.19026756286621,-24.19026756286621,-24.19026756286621,-24.19026756286621,-24.50634002685547,-24.19026756286621,-24.19026756286621,-24.19026756286621,-24.19026756286621,-24.20606231689453,-20.05121612548828,-24.19026756286621,-24.19026756286621,-24.19026756286621,-24.19026756286621,-24.19026756286621,-24.19026756286621,-24.19026756286621,-24.19026756286621,-24.19026756286621,-24.19026756286621,-24.19026756286621,-24.19026756286621,-24.19026756286621,-24.19026756286621,-24.19026756286621,-24.19026756286621,-24.19026756286621,-24.19026756286621,-24.19026756286621,-24.19026756286621,-24.19026756286621,-24.19026756286621,-24.19026756286621,-inf,-inf,-inf,-inf,-inf,-inf,-inf,-inf,-inf,-inf,-inf,-inf,-inf,-inf,-inf,-inf,-inf,-inf,-inf,-inf,-20.376628875732422,-23.525026321411133,-22.80351448059082,-22.80351448059082,-22.80351448059082,-22.80351448059082,-22.80351448059082,-22.80351448059082,-22.80351448059082,-22.80351448059082,-22.80351448059082,-22.80351448059082,-22.80351448059082,-22.80351448059082,-22.80351448059082,-22.400623321533203,-22.80351448059082,-22.80351448059082,-22.80351448059082,-22.80351448059082,-22.80351448059082,-18.365222930908203,-22.80351448059082,-22.80351448059082,-22.80351448059082,-22.80351448059082,-22.80351448059082,-22.80351448059082,-22.80351448059082,-22.80351448059082,-22.80351448059082,-22.80351448059082,-22.80351448059082,-22.80351448059082,-22.725139617919922,-22.80351448059082,-22.80351448059082,-22.80351448059082,-22.80351448059082,-22.80351448059082,-22.80351448059082,-22.80351448059082,-22.80351448059082,-22.80351448059082,-22.80351448059082,-22.80351448059082,-22.80351448059082,-22.80351448059082,-22.80351448059082,-22.80351448059082,-22.80351448059082,-22.80351448059082,-22.80351448059082,-22.80351448059082,-22.80351448059082,-22.80351448059082,-22.676918029785156,-22.80351448059082,-22.446134567260742,-22.80351448059082,-22.80351448059082,-22.80351448059082,-22.80351448059082,-22.80351448059082,-22.80351448059082,-22.80351448059082,-22.80351448059082,-22.80351448059082,-22.80351448059082,-22.80351448059082,-22.80351448059082,-22.80351448059082,-23.438074111938477,-22.80351448059082,-22.80351448059082,-22.80351448059082,-22.80351448059082,-22.80351448059082,-22.80351448059082,-22.80351448059082,-22.80351448059082,-22.80351448059082,-22.80351448059082,-22.80351448059082,-22.80351448059082,-22.80351448059082,-22.80351448059082,-22.80351448059082,-22.80351448059082,-22.80351448059082,-22.80351448059082,-22.80351448059082,-22.80351448059082,-22.80351448059082,-22.80351448059082,-22.80351448059082,-22.80351448059082,-22.80351448059082,-22.80351448059082,-22.80351448059082,-22.80351448059082,-22.80351448059082,-22.80351448059082,-22.80351448059082,-22.80351448059082,-22.80351448059082,-22.80351448059082,-22.80351448059082,-22.80351448059082,-22.80351448059082,-22.80351448059082,-22.80351448059082,-22.80351448059082,-22.80351448059082,-22.80351448059082,-13.881489753723145,-22.80351448059082,-22.80351448059082,-22.80351448059082,-22.80351448059082,-22.80351448059082,-22.80351448059082,-22.80351448059082,-22.80351448059082,-22.80351448059082,-22.80351448059082,-22.80351448059082,-22.80351448059082,-22.80351448059082,-22.80351448059082,-22.80351448059082,-22.80351448059082,-22.80351448059082,-22.80351448059082,-22.827089309692383,-22.80351448059082,-22.80351448059082,-22.80351448059082,-22.80351448059082,-22.41376495361328,-23.116735458374023,-22.80351448059082,-22.80351448059082,-22.80351448059082,-22.80351448059082,-22.80351448059082,-22.80351448059082,-22.80351448059082,-22.80351448059082,-22.80351448059082,-22.80351448059082,-22.80351448059082,-22.80351448059082,-22.80351448059082,-22.80351448059082,-22.80351448059082,-22.80351448059082,-22.80351448059082,-22.80351448059082,-22.80351448059082,-22.80351448059082,-22.80351448059082,-22.80351448059082,-22.80351448059082,-inf,-inf,-inf,-inf,-inf,-inf,-inf,-inf,-inf,-inf,-inf,-inf,-inf,-inf,-inf,-inf,-inf,-inf,-inf,-inf,-9.536738616588991e-07,-20.053836822509766
2,-17.126733779907227,-17.126733779907227,-17.126733779907227,-17.126733779907227,-17.126733779907227,-17.126733779907227,-17.126733779907227,-17.126733779907227,-17.126733779907227,-17.126733779907227,-17.126733779907227,-17.126733779907227,-17.126733779907227,-16.13871192932129,-17.126733779907227,-17.126733779907227,-17.126733779907227,-17.126733779907227,-17.126733779907227,-17.41025161743164,-17.126733779907227,-17.126733779907227,-17.126733779907227,-17.126733779907227,-17.126733779907227,-17.126733779907227,-17.126733779907227,-17.126733779907227,-17.126733779907227,-17.126733779907227,-17.126733779907227,-17.126733779907227,-13.209137916564941,-17.126733779907227,-17.126733779907227,-17.126733779907227,-17.126733779907227,-17.126733779907227,-17.126733779907227,-17.126733779907227,-17.126733779907227,-17.126733779907227,-17.126733779907227,-17.126733779907227,-17.126733779907227,-17.126733779907227,-17.126733779907227,-17.126733779907227,-17.126733779907227,-17.126733779907227,-17.126733779907227,-17.126733779907227,-17.126733779907227,-17.126733779907227,-18.05619239807129,-17.126733779907227,-0.028874071314930916,-17.126733779907227,-17.126733779907227,-17.126733779907227,-17.126733779907227,-17.126733779907227,-17.126733779907227,-17.126733779907227,-17.126733779907227,-17.126733779907227,-17.126733779907227,-17.126733779907227,-17.126733779907227,-17.126733779907227,-5.113501071929932,-17.126733779907227,-17.126733779907227,-17.126733779907227,-17.126733779907227,-17.126733779907227,-17.126733779907227,-17.126733779907227,-17.126733779907227,-17.126733779907227,-17.126733779907227,-17.126733779907227,-17.126733779907227,-17.126733779907227,-17.126733779907227,-17.126733779907227,-17.126733779907227,-17.126733779907227,-17.126733779907227,-17.126733779907227,-17.126733779907227,-17.126733779907227,-17.126733779907227,-17.126733779907227,-17.126733779907227,-17.126733779907227,-17.126733779907227,-17.126733779907227,-17.126733779907227,-17.126733779907227,-17.126733779907227,-17.126733779907227,-17.126733779907227,-17.126733779907227,-17.126733779907227,-17.126733779907227,-17.126733779907227,-17.126733779907227,-17.126733779907227,-17.126733779907227,-17.126733779907227,-17.126733779907227,-17.126733779907227,-9.010640144348145,-17.126733779907227,-17.126733779907227,-17.126733779907227,-17.126733779907227,-17.126733779907227,-17.126733779907227,-17.126733779907227,-17.126733779907227,-17.126733779907227,-17.126733779907227,-17.126733779907227,-17.126733779907227,-17.126733779907227,-17.126733779907227,-17.126733779907227,-17.126733779907227,-17.126733779907227,-17.126733779907227,-19.900344848632812,-17.126733779907227,-17.126733779907227,-17.126733779907227,-17.126733779907227,-3.802449941635132,-17.438928604125977,-17.126733779907227,-17.126733779907227,-17.126733779907227,-17.126733779907227,-17.126733779907227,-17.126733779907227,-17.126733779907227,-17.126733779907227,-17.126733779907227,-17.126733779907227,-17.126733779907227,-17.126733779907227,-17.126733779907227,-17.126733779907227,-17.126733779907227,-17.126733779907227,-17.126733779907227,-17.126733779907227,-17.126733779907227,-17.126733779907227,-17.126733779907227,-17.126733779907227,-17.126733779907227,-inf,-inf,-inf,-inf,-inf,-inf,-inf,-inf,-inf,-inf,-inf,-inf,-inf,-inf,-inf,-inf,-inf,-inf,-inf,-inf,-17.126733779907227,-20.189138412475586,-8.05655288696289,-14.791752815246582,-9.576627731323242,-12.542776107788086,-14.67135238647461,-8.591812133789062,-12.480506896972656,-9.945460319519043,-24.98868179321289,-24.98868179321289,-24.98868179321289,-24.98868179321289,-24.98868179321289,-24.98868179321289,-24.98868179321289,-24.98868179321289,-24.98868179321289,-24.98868179321289,-24.98868179321289,-24.98868179321289,-24.98868179321289,-24.97700309753418,-24.98868179321289,-24.98868179321289,-24.98868179321289,-24.98868179321289,-24.98868179321289,-28.791494369506836,-24.98868179321289,-24.98868179321289,-24.98868179321289,-24.98868179321289,-24.98868179321289,-24.98868179321289,-24.98868179321289,-24.98868179321289,-24.98868179321289,-24.98868179321289,-24.98868179321289,-24.98868179321289,-25.038236618041992,-24.98868179321289,-24.98868179321289,-24.98868179321289,-24.98868179321289,-24.98868179321289,-24.98868179321289,-24.98868179321289,-24.98868179321289,-24.98868179321289,-24.98868179321289,-24.98868179321289,-24.98868179321289,-24.98868179321289,-24.98868179321289,-24.98868179321289,-24.98868179321289,-24.98868179321289,-24.98868179321289,-24.98868179321289,-24.98868179321289,-24.98868179321289,-1.1920928244535389e-07,-24.98868179321289,-25.541790008544922,-24.98868179321289,-24.98868179321289,-24.98868179321289,-24.98868179321289,-24.98868179321289,-24.98868179321289,-24.98868179321289,-24.98868179321289,-24.98868179321289,-24.98868179321289,-24.98868179321289,-24.98868179321289,-24.98868179321289,-25.363645553588867,-24.98868179321289,-24.98868179321289,-24.98868179321289,-24.98868179321289,-24.98868179321289,-24.98868179321289,-24.98868179321289,-24.98868179321289,-24.98868179321289,-24.98868179321289,-24.98868179321289,-24.98868179321289,-24.98868179321289,-24.98868179321289,-24.98868179321289,-24.98868179321289,-24.98868179321289,-24.98868179321289,-24.98868179321289,-24.98868179321289,-24.98868179321289,-24.98868179321289,-24.98868179321289,-24.98868179321289,-24.98868179321289,-24.98868179321289,-24.98868179321289,-24.98868179321289,-24.98868179321289,-24.98868179321289,-24.98868179321289,-24.98868179321289,-24.98868179321289,-24.98868179321289,-24.98868179321289,-24.98868179321289,-24.98868179321289,-24.98868179321289,-24.98868179321289,-24.98868179321289,-24.98868179321289,-24.98868179321289,-24.833951950073242,-24.98868179321289,-24.98868179321289,-24.98868179321289,-24.98868179321289,-24.98868179321289,-24.98868179321289,-24.98868179321289,-24.98868179321289,-24.98868179321289,-24.98868179321289,-24.98868179321289,-24.98868179321289,-24.98868179321289,-24.98868179321289,-24.98868179321289,-24.98868179321289,-24.98868179321289,-24.98868179321289,-25.4610652923584,-24.98868179321289,-24.98868179321289,-24.98868179321289,-24.98868179321289,-25.396339416503906,-16.067840576171875,-24.98868179321289,-24.98868179321289,-24.98868179321289,-24.98868179321289,-24.98868179321289,-24.98868179321289,-24.98868179321289,-24.98868179321289,-24.98868179321289,-24.98868179321289,-24.98868179321289,-24.98868179321289,-24.98868179321289,-24.98868179321289,-24.98868179321289,-24.98868179321289,-24.98868179321289,-24.98868179321289,-24.98868179321289,-24.98868179321289,-24.98868179321289,-24.98868179321289,-24.98868179321289,-inf,-inf,-inf,-inf,-inf,-inf,-inf,-inf,-inf,-inf,-inf,-inf,-inf,-inf,-inf,-inf,-inf,-inf,-inf,-inf,-21.642946243286133,-25.430038452148438,-26.24744987487793,-26.24744987487793,-26.24744987487793,-26.24744987487793,-26.24744987487793,-26.24744987487793,-26.24744987487793,-26.24744987487793,-26.24744987487793,-26.24744987487793,-26.24744987487793,-26.24744987487793,-26.24744987487793,-26.258285522460938,-26.24744987487793,-26.24744987487793,-26.24744987487793,-26.24744987487793,-26.24744987487793,-22.552026748657227,-26.24744987487793,-26.24744987487793,-26.24744987487793,-26.24744987487793,-26.24744987487793,-26.24744987487793,-26.24744987487793,-26.24744987487793,-26.24744987487793,-26.24744987487793,-26.24744987487793,-26.24744987487793,-26.08892822265625,-26.24744987487793,-26.24744987487793,-26.24744987487793,-26.24744987487793,-26.24744987487793,-26.24744987487793,-26.24744987487793,-26.24744987487793,-26.24744987487793,-26.24744987487793,-26.24744987487793,-26.24744987487793,-26.24744987487793,-26.24744987487793,-26.24744987487793,-26.24744987487793,-26.24744987487793,-26.24744987487793,-26.24744987487793,-26.24744987487793,-26.24744987487793,-26.09425926208496,-26.24744987487793,-25.72755241394043,-26.24744987487793,-26.24744987487793,-26.24744987487793,-26.24744987487793,-26.24744987487793,-26.24744987487793,-26.24744987487793,-26.24744987487793,-26.24744987487793,-26.24744987487793,-26.24744987487793,-26.24744987487793,-26.24744987487793,-26.740148544311523,-26.24744987487793,-26.24744987487793,-26.24744987487793,-26.24744987487793,-26.24744987487793,-26.24744987487793,-26.24744987487793,-26.24744987487793,-26.24744987487793,-26.24744987487793,-26.24744987487793,-26.24744987487793,-26.24744987487793,-26.24744987487793,-26.24744987487793,-26.24744987487793,-26.24744987487793,-26.24744987487793,-26.24744987487793,-26.24744987487793,-26.24744987487793,-26.24744987487793,-26.24744987487793,-26.24744987487793,-26.24744987487793,-26.24744987487793,-26.24744987487793,-26.24744987487793,-26.24744987487793,-26.24744987487793,-26.24744987487793,-26.24744987487793,-26.24744987487793,-26.24744987487793,-26.24744987487793,-26.24744987487793,-26.24744987487793,-26.24744987487793,-26.24744987487793,-26.24744987487793,-26.24744987487793,-26.24744987487793,-11.962879180908203,-26.24744987487793,-26.24744987487793,-26.24744987487793,-26.24744987487793,-26.24744987487793,-26.24744987487793,-26.24744987487793,-26.24744987487793,-26.24744987487793,-26.24744987487793,-26.24744987487793,-26.24744987487793,-26.24744987487793,-26.24744987487793,-26.24744987487793,-26.24744987487793,-26.24744987487793,-26.24744987487793,-25.750905990600586,-26.24744987487793,-26.24744987487793,-26.24744987487793,-26.24744987487793,-25.907981872558594,-26.453744888305664,-26.24744987487793,-26.24744987487793,-26.24744987487793,-26.24744987487793,-26.24744987487793,-26.24744987487793,-26.24744987487793,-26.24744987487793,-26.24744987487793,-26.24744987487793,-26.24744987487793,-26.24744987487793,-26.24744987487793,-26.24744987487793,-26.24744987487793,-26.24744987487793,-26.24744987487793,-26.24744987487793,-26.24744987487793,-26.24744987487793,-26.24744987487793,-26.24744987487793,-26.24744987487793,-inf,-inf,-inf,-inf,-inf,-inf,-inf,-inf,-inf,-inf,-inf,-inf,-inf,-inf,-inf,-inf,-inf,-inf,-inf,-inf,-6.318072337307967e-06,-23.535982131958008
3,-23.21580696105957,-23.21580696105957,-23.21580696105957,-23.21580696105957,-23.21580696105957,-23.21580696105957,-23.21580696105957,-23.21580696105957,-23.21580696105957,-23.21580696105957,-23.21580696105957,-23.21580696105957,-23.21580696105957,-23.611902236938477,-23.21580696105957,-23.21580696105957,-23.21580696105957,-23.21580696105957,-23.21580696105957,-25.708921432495117,-23.21580696105957,-23.21580696105957,-23.21580696105957,-23.21580696105957,-23.21580696105957,-23.21580696105957,-23.21580696105957,-23.21580696105957,-23.21580696105957,-23.21580696105957,-23.21580696105957,-23.21580696105957,-20.543704986572266,-23.21580696105957,-23.21580696105957,-23.21580696105957,-23.21580696105957,-23.21580696105957,-23.21580696105957,-23.21580696105957,-23.21580696105957,-23.21580696105957,-23.21580696105957,-23.21580696105957,-23.21580696105957,-23.21580696105957,-23.21580696105957,-23.21580696105957,-23.21580696105957,-23.21580696105957,-23.21580696105957,-23.21580696105957,-23.21580696105957,-23.21580696105957,-24.323766708374023,-23.21580696105957,-3.758608818054199,-23.21580696105957,-23.21580696105957,-23.21580696105957,-23.21580696105957,-23.21580696105957,-23.21580696105957,-23.21580696105957,-23.21580696105957,-23.21580696105957,-23.21580696105957,-23.21580696105957,-23.21580696105957,-23.21580696105957,-0.023642648011446,-23.21580696105957,-23.21580696105957,-23.21580696105957,-23.21580696105957,-23.21580696105957,-23.21580696105957,-23.21580696105957,-23.21580696105957,-23.21580696105957,-23.21580696105957,-23.21580696105957,-23.21580696105957,-23.21580696105957,-23.21580696105957,-23.21580696105957,-23.21580696105957,-23.21580696105957,-23.21580696105957,-23.21580696105957,-23.21580696105957,-23.21580696105957,-23.21580696105957,-23.21580696105957,-23.21580696105957,-23.21580696105957,-23.21580696105957,-23.21580696105957,-23.21580696105957,-23.21580696105957,-23.21580696105957,-23.21580696105957,-23.21580696105957,-23.21580696105957,-23.21580696105957,-23.21580696105957,-23.21580696105957,-23.21580696105957,-23.21580696105957,-23.21580696105957,-23.21580696105957,-23.21580696105957,-23.21580696105957,-14.544100761413574,-23.21580696105957,-23.21580696105957,-23.21580696105957,-23.21580696105957,-23.21580696105957,-23.21580696105957,-23.21580696105957,-23.21580696105957,-23.21580696105957,-23.21580696105957,-23.21580696105957,-23.21580696105957,-23.21580696105957,-23.21580696105957,-23.21580696105957,-23.21580696105957,-23.21580696105957,-23.21580696105957,-25.01263999938965,-23.21580696105957,-23.21580696105957,-23.21580696105957,-23.21580696105957,-9.929290771484375,-23.559045791625977,-23.21580696105957,-23.21580696105957,-23.21580696105957,-23.21580696105957,-23.21580696105957,-23.21580696105957,-23.21580696105957,-23.21580696105957,-23.21580696105957,-23.21580696105957,-23.21580696105957,-23.21580696105957,-23.21580696105957,-23.21580696105957,-23.21580696105957,-23.21580696105957,-23.21580696105957,-23.21580696105957,-23.21580696105957,-23.21580696105957,-23.21580696105957,-23.21580696105957,-23.21580696105957,-inf,-inf,-inf,-inf,-inf,-inf,-inf,-inf,-inf,-inf,-inf,-inf,-inf,-inf,-inf,-inf,-inf,-inf,-inf,-inf,-23.21580696105957,-27.870956420898438,-4.28474760055542,-13.957798957824707,-11.903438568115234,-14.266210556030273,-14.608752250671387,-9.212202072143555,-14.336442947387695,-10.718667030334473,-19.4757137298584,-19.4757137298584,-19.4757137298584,-19.4757137298584,-19.4757137298584,-19.4757137298584,-19.4757137298584,-19.4757137298584,-19.4757137298584,-19.4757137298584,-19.4757137298584,-19.4757137298584,-19.4757137298584,-19.50098991394043,-19.4757137298584,-19.4757137298584,-19.4757137298584,-19.4757137298584,-19.4757137298584,-23.314329147338867,-19.4757137298584,-19.4757137298584,-19.4757137298584,-19.4757137298584,-19.4757137298584,-19.4757137298584,-19.4757137298584,-19.4757137298584,-19.4757137298584,-19.4757137298584,-19.4757137298584,-19.4757137298584,-19.692119598388672,-19.4757137298584,-19.4757137298584,-19.4757137298584,-19.4757137298584,-19.4757137298584,-19.4757137298584,-19.4757137298584,-19.4757137298584,-19.4757137298584,-19.4757137298584,-19.4757137298584,-19.4757137298584,-19.4757137298584,-19.4757137298584,-19.4757137298584,-19.4757137298584,-19.4757137298584,-19.4757137298584,-19.4757137298584,-19.4757137298584,-19.4757137298584,-0.0001740304142003879,-19.4757137298584,-20.00079345703125,-19.4757137298584,-19.4757137298584,-19.4757137298584,-19.4757137298584,-19.4757137298584,-19.4757137298584,-19.4757137298584,-19.4757137298584,-19.4757137298584,-19.4757137298584,-19.4757137298584,-19.4757137298584,-19.4757137298584,-19.524728775024414,-19.4757137298584,-19.4757137298584,-19.4757137298584,-19.4757137298584,-19.4757137298584,-19.4757137298584,-19.4757137298584,-19.4757137298584,-19.4757137298584,-19.4757137298584,-19.4757137298584,-19.4757137298584,-19.4757137298584,-19.4757137298584,-19.4757137298584,-19.4757137298584,-19.4757137298584,-19.4757137298584,-19.4757137298584,-19.4757137298584,-19.4757137298584,-19.4757137298584,-19.4757137298584,-19.4757137298584,-19.4757137298584,-19.4757137298584,-19.4757137298584,-19.4757137298584,-19.4757137298584,-19.4757137298584,-19.4757137298584,-19.4757137298584,-19.4757137298584,-19.4757137298584,-19.4757137298584,-19.4757137298584,-19.4757137298584,-19.4757137298584,-19.4757137298584,-19.4757137298584,-19.4757137298584,-19.4757137298584,-19.102624893188477,-19.4757137298584,-19.4757137298584,-19.4757137298584,-19.4757137298584,-19.4757137298584,-19.4757137298584,-19.4757137298584,-19.4757137298584,-19.4757137298584,-19.4757137298584,-19.4757137298584,-19.4757137298584,-19.4757137298584,-19.4757137298584,-19.4757137298584,-19.4757137298584,-19.4757137298584,-19.4757137298584,-20.113693237304688,-19.4757137298584,-19.4757137298584,-19.4757137298584,-19.4757137298584,-20.43623924255371,-9.030593872070312,-19.4757137298584,-19.4757137298584,-19.4757137298584,-19.4757137298584,-19.4757137298584,-19.4757137298584,-19.4757137298584,-19.4757137298584,-19.4757137298584,-19.4757137298584,-19.4757137298584,-19.4757137298584,-19.4757137298584,-19.4757137298584,-19.4757137298584,-19.4757137298584,-19.4757137298584,-19.4757137298584,-19.4757137298584,-19.4757137298584,-19.4757137298584,-19.4757137298584,-19.4757137298584,-inf,-inf,-inf,-inf,-inf,-inf,-inf,-inf,-inf,-inf,-inf,-inf,-inf,-inf,-inf,-inf,-inf,-inf,-inf,-inf,-9.83003044128418,-20.66533660888672,-25.913604736328125,-25.913604736328125,-25.913604736328125,-25.913604736328125,-25.913604736328125,-25.913604736328125,-25.913604736328125,-25.913604736328125,-25.913604736328125,-25.913604736328125,-25.913604736328125,-25.913604736328125,-25.913604736328125,-26.19356918334961,-25.913604736328125,-25.913604736328125,-25.913604736328125,-25.913604736328125,-25.913604736328125,-21.780963897705078,-25.913604736328125,-25.913604736328125,-25.913604736328125,-25.913604736328125,-25.913604736328125,-25.913604736328125,-25.913604736328125,-25.913604736328125,-25.913604736328125,-25.913604736328125,-25.913604736328125,-25.913604736328125,-25.773366928100586,-25.913604736328125,-25.913604736328125,-25.913604736328125,-25.913604736328125,-25.913604736328125,-25.913604736328125,-25.913604736328125,-25.913604736328125,-25.913604736328125,-25.913604736328125,-25.913604736328125,-25.913604736328125,-25.913604736328125,-25.913604736328125,-25.913604736328125,-25.913604736328125,-25.913604736328125,-25.913604736328125,-25.913604736328125,-25.913604736328125,-25.913604736328125,-25.937755584716797,-25.913604736328125,-25.509946823120117,-25.913604736328125,-25.913604736328125,-25.913604736328125,-25.913604736328125,-25.913604736328125,-25.913604736328125,-25.913604736328125,-25.913604736328125,-25.913604736328125,-25.913604736328125,-25.913604736328125,-25.913604736328125,-25.913604736328125,-25.863630294799805,-25.913604736328125,-25.913604736328125,-25.913604736328125,-25.913604736328125,-25.913604736328125,-25.913604736328125,-25.913604736328125,-25.913604736328125,-25.913604736328125,-25.913604736328125,-25.913604736328125,-25.913604736328125,-25.913604736328125,-25.913604736328125,-25.913604736328125,-25.913604736328125,-25.913604736328125,-25.913604736328125,-25.913604736328125,-25.913604736328125,-25.913604736328125,-25.913604736328125,-25.913604736328125,-25.913604736328125,-25.913604736328125,-25.913604736328125,-25.913604736328125,-25.913604736328125,-25.913604736328125,-25.913604736328125,-25.913604736328125,-25.913604736328125,-25.913604736328125,-25.913604736328125,-25.913604736328125,-25.913604736328125,-25.913604736328125,-25.913604736328125,-25.913604736328125,-25.913604736328125,-25.913604736328125,-25.913604736328125,-11.766548156738281,-25.913604736328125,-25.913604736328125,-25.913604736328125,-25.913604736328125,-25.913604736328125,-25.913604736328125,-25.913604736328125,-25.913604736328125,-25.913604736328125,-25.913604736328125,-25.913604736328125,-25.913604736328125,-25.913604736328125,-25.913604736328125,-25.913604736328125,-25.913604736328125,-25.913604736328125,-25.913604736328125,-25.421995162963867,-25.913604736328125,-25.913604736328125,-25.913604736328125,-25.913604736328125,-25.627532958984375,-26.064250946044922,-25.913604736328125,-25.913604736328125,-25.913604736328125,-25.913604736328125,-25.913604736328125,-25.913604736328125,-25.913604736328125,-25.913604736328125,-25.913604736328125,-25.913604736328125,-25.913604736328125,-25.913604736328125,-25.913604736328125,-25.913604736328125,-25.913604736328125,-25.913604736328125,-25.913604736328125,-25.913604736328125,-25.913604736328125,-25.913604736328125,-25.913604736328125,-25.913604736328125,-25.913604736328125,-inf,-inf,-inf,-inf,-inf,-inf,-inf,-inf,-inf,-inf,-inf,-inf,-inf,-inf,-inf,-inf,-inf,-inf,-inf,-inf,-7.748573807475623e-06,-24.641155242919922
4,-15.385613441467285,-15.385613441467285,-15.385613441467285,-15.385613441467285,-15.385613441467285,-15.385613441467285,-15.385613441467285,-15.385613441467285,-15.385613441467285,-15.385613441467285,-15.385613441467285,-15.385613441467285,-15.385613441467285,-17.168861389160156,-15.385613441467285,-15.385613441467285,-15.385613441467285,-15.385613441467285,-15.385613441467285,-17.574739456176758,-15.385613441467285,-15.385613441467285,-15.385613441467285,-15.385613441467285,-15.385613441467285,-15.385613441467285,-15.385613441467285,-15.385613441467285,-15.385613441467285,-15.385613441467285,-15.385613441467285,-15.385613441467285,-14.707442283630371,-15.385613441467285,-15.385613441467285,-15.385613441467285,-15.385613441467285,-15.385613441467285,-15.385613441467285,-15.385613441467285,-15.385613441467285,-15.385613441467285,-15.385613441467285,-15.385613441467285,-15.385613441467285,-15.385613441467285,-15.385613441467285,-15.385613441467285,-15.385613441467285,-15.385613441467285,-15.385613441467285,-15.385613441467285,-15.385613441467285,-15.385613441467285,-16.52767562866211,-15.385613441467285,-1.3446829319000244,-15.385613441467285,-15.385613441467285,-15.385613441467285,-15.385613441467285,-15.385613441467285,-15.385613441467285,-15.385613441467285,-15.385613441467285,-15.385613441467285,-15.385613441467285,-15.385613441467285,-15.385613441467285,-15.385613441467285,-0.7307045459747314,-15.385613441467285,-15.385613441467285,-15.385613441467285,-15.385613441467285,-15.385613441467285,-15.385613441467285,-15.385613441467285,-15.385613441467285,-15.385613441467285,-15.385613441467285,-15.385613441467285,-15.385613441467285,-15.385613441467285,-15.385613441467285,-15.385613441467285,-15.385613441467285,-15.385613441467285,-15.385613441467285,-15.385613441467285,-15.385613441467285,-15.385613441467285,-15.385613441467285,-15.385613441467285,-15.385613441467285,-15.385613441467285,-15.385613441467285,-15.385613441467285,-15.385613441467285,-15.385613441467285,-15.385613441467285,-15.385613441467285,-15.385613441467285,-15.385613441467285,-15.385613441467285,-15.385613441467285,-15.385613441467285,-15.385613441467285,-15.385613441467285,-15.385613441467285,-15.385613441467285,-15.385613441467285,-15.385613441467285,-12.068432807922363,-15.385613441467285,-15.385613441467285,-15.385613441467285,-15.385613441467285,-15.385613441467285,-15.385613441467285,-15.385613441467285,-15.385613441467285,-15.385613441467285,-15.385613441467285,-15.385613441467285,-15.385613441467285,-15.385613441467285,-15.385613441467285,-15.385613441467285,-15.385613441467285,-15.385613441467285,-15.385613441467285,-14.98341178894043,-15.385613441467285,-15.385613441467285,-15.385613441467285,-15.385613441467285,-1.3557054996490479,-15.888051986694336,-15.385613441467285,-15.385613441467285,-15.385613441467285,-15.385613441467285,-15.385613441467285,-15.385613441467285,-15.385613441467285,-15.385613441467285,-15.385613441467285,-15.385613441467285,-15.385613441467285,-15.385613441467285,-15.385613441467285,-15.385613441467285,-15.385613441467285,-15.385613441467285,-15.385613441467285,-15.385613441467285,-15.385613441467285,-15.385613441467285,-15.385613441467285,-15.385613441467285,-15.385613441467285,-inf,-inf,-inf,-inf,-inf,-inf,-inf,-inf,-inf,-inf,-inf,-inf,-inf,-inf,-inf,-inf,-inf,-inf,-inf,-inf,-15.385613441467285,-22.31838607788086,3.5562918186187744,-10.983797073364258,-12.491202354431152,-16.12714385986328,-11.001943588256836,-11.133394241333008,-14.249895095825195,-9.982569694519043,-21.331819534301758,-21.331819534301758,-21.331819534301758,-21.331819534301758,-21.331819534301758,-21.331819534301758,-21.331819534301758,-21.331819534301758,-21.331819534301758,-21.331819534301758,-21.331819534301758,-21.331819534301758,-21.331819534301758,-21.412553787231445,-21.331819534301758,-21.331819534301758,-21.331819534301758,-21.331819534301758,-21.331819534301758,-25.012380599975586,-21.331819534301758,-21.331819534301758,-21.331819534301758,-21.331819534301758,-21.331819534301758,-21.331819534301758,-21.331819534301758,-21.331819534301758,-21.331819534301758,-21.331819534301758,-21.331819534301758,-21.331819534301758,-21.527713775634766,-21.331819534301758,-21.331819534301758,-21.331819534301758,-21.331819534301758,-21.331819534301758,-21.331819534301758,-21.331819534301758,-21.331819534301758,-21.331819534301758,-21.331819534301758,-21.331819534301758,-21.331819534301758,-21.331819534301758,-21.331819534301758,-21.331819534301758,-21.331819534301758,-21.331819534301758,-21.331819534301758,-21.331819534301758,-21.331819534301758,-21.331819534301758,-8.857131004333496,-21.331819534301758,-21.681373596191406,-21.331819534301758,-21.331819534301758,-21.331819534301758,-21.331819534301758,-21.331819534301758,-21.331819534301758,-21.331819534301758,-21.331819534301758,-21.331819534301758,-21.331819534301758,-21.331819534301758,-21.331819534301758,-21.331819534301758,-20.938720703125,-21.331819534301758,-21.331819534301758,-21.331819534301758,-21.331819534301758,-21.331819534301758,-21.331819534301758,-21.331819534301758,-21.331819534301758,-21.331819534301758,-21.331819534301758,-21.331819534301758,-21.331819534301758,-21.331819534301758,-21.331819534301758,-21.331819534301758,-21.331819534301758,-21.331819534301758,-21.331819534301758,-21.331819534301758,-21.331819534301758,-21.331819534301758,-21.331819534301758,-21.331819534301758,-21.331819534301758,-21.331819534301758,-21.331819534301758,-21.331819534301758,-21.331819534301758,-21.331819534301758,-21.331819534301758,-21.331819534301758,-21.331819534301758,-21.331819534301758,-21.331819534301758,-21.331819534301758,-21.331819534301758,-21.331819534301758,-21.331819534301758,-21.331819534301758,-21.331819534301758,-21.331819534301758,-21.331819534301758,-20.952274322509766,-21.331819534301758,-21.331819534301758,-21.331819534301758,-21.331819534301758,-21.331819534301758,-21.331819534301758,-21.331819534301758,-21.331819534301758,-21.331819534301758,-21.331819534301758,-21.331819534301758,-21.331819534301758,-21.331819534301758,-21.331819534301758,-21.331819534301758,-21.331819534301758,-21.331819534301758,-21.331819534301758,-22.130714416503906,-21.331819534301758,-21.331819534301758,-21.331819534301758,-21.331819534301758,-22.397035598754883,-13.349764823913574,-21.331819534301758,-21.331819534301758,-21.331819534301758,-21.331819534301758,-21.331819534301758,-21.331819534301758,-21.331819534301758,-21.331819534301758,-21.331819534301758,-21.331819534301758,-21.331819534301758,-21.331819534301758,-21.331819534301758,-21.331819534301758,-21.331819534301758,-21.331819534301758,-21.331819534301758,-21.331819534301758,-21.331819534301758,-21.331819534301758,-21.331819534301758,-21.331819534301758,-21.331819534301758,-inf,-inf,-inf,-inf,-inf,-inf,-inf,-inf,-inf,-inf,-inf,-inf,-inf,-inf,-inf,-inf,-inf,-inf,-inf,-inf,-0.0001438752660760656,-23.16435432434082,-22.300382614135742,-22.300382614135742,-22.300382614135742,-22.300382614135742,-22.300382614135742,-22.300382614135742,-22.300382614135742,-22.300382614135742,-22.300382614135742,-22.300382614135742,-22.300382614135742,-22.300382614135742,-22.300382614135742,-22.49504280090332,-22.300382614135742,-22.300382614135742,-22.300382614135742,-22.300382614135742,-22.300382614135742,-16.21455955505371,-22.300382614135742,-22.300382614135742,-22.300382614135742,-22.300382614135742,-22.300382614135742,-22.300382614135742,-22.300382614135742,-22.300382614135742,-22.300382614135742,-22.300382614135742,-22.300382614135742,-22.300382614135742,-22.008207321166992,-22.300382614135742,-22.300382614135742,-22.300382614135742,-22.300382614135742,-22.300382614135742,-22.300382614135742,-22.300382614135742,-22.300382614135742,-22.300382614135742,-22.300382614135742,-22.300382614135742,-22.300382614135742,-22.300382614135742,-22.300382614135742,-22.300382614135742,-22.300382614135742,-22.300382614135742,-22.300382614135742,-22.300382614135742,-22.300382614135742,-22.300382614135742,-22.263824462890625,-22.300382614135742,-21.984712600708008,-22.300382614135742,-22.300382614135742,-22.300382614135742,-22.300382614135742,-22.300382614135742,-22.300382614135742,-22.300382614135742,-22.300382614135742,-22.300382614135742,-22.300382614135742,-22.300382614135742,-22.300382614135742,-22.300382614135742,-21.93077850341797,-22.300382614135742,-22.300382614135742,-22.300382614135742,-22.300382614135742,-22.300382614135742,-22.300382614135742,-22.300382614135742,-22.300382614135742,-22.300382614135742,-22.300382614135742,-22.300382614135742,-22.300382614135742,-22.300382614135742,-22.300382614135742,-22.300382614135742,-22.300382614135742,-22.300382614135742,-22.300382614135742,-22.300382614135742,-22.300382614135742,-22.300382614135742,-22.300382614135742,-22.300382614135742,-22.300382614135742,-22.300382614135742,-22.300382614135742,-22.300382614135742,-22.300382614135742,-22.300382614135742,-22.300382614135742,-22.300382614135742,-22.300382614135742,-22.300382614135742,-22.300382614135742,-22.300382614135742,-22.300382614135742,-22.300382614135742,-22.300382614135742,-22.300382614135742,-22.300382614135742,-22.300382614135742,-22.300382614135742,-12.804733276367188,-22.300382614135742,-22.300382614135742,-22.300382614135742,-22.300382614135742,-22.300382614135742,-22.300382614135742,-22.300382614135742,-22.300382614135742,-22.300382614135742,-22.300382614135742,-22.300382614135742,-22.300382614135742,-22.300382614135742,-22.300382614135742,-22.300382614135742,-22.300382614135742,-22.300382614135742,-22.300382614135742,-21.7196102142334,-22.300382614135742,-22.300382614135742,-22.300382614135742,-22.300382614135742,-22.103965759277344,-23.03033447265625,-22.300382614135742,-22.300382614135742,-22.300382614135742,-22.300382614135742,-22.300382614135742,-22.300382614135742,-22.300382614135742,-22.300382614135742,-22.300382614135742,-22.300382614135742,-22.300382614135742,-22.300382614135742,-22.300382614135742,-22.300382614135742,-22.300382614135742,-22.300382614135742,-22.300382614135742,-22.300382614135742,-22.300382614135742,-22.300382614135742,-22.300382614135742,-22.300382614135742,-22.300382614135742,-inf,-inf,-inf,-inf,-inf,-inf,-inf,-inf,-inf,-inf,-inf,-inf,-inf,-inf,-inf,-inf,-inf,-inf,-inf,-inf,-2.861018856492592e-06,-22.653139114379883
5,-16.07123565673828,-16.07123565673828,-16.07123565673828,-16.07123565673828,-16.07123565673828,-16.07123565673828,-16.07123565673828,-16.07123565673828,-16.07123565673828,-16.07123565673828,-16.07123565673828,-16.07123565673828,-16.07123565673828,-16.656747817993164,-16.07123565673828,-16.07123565673828,-16.07123565673828,-16.07123565673828,-16.07123565673828,-21.30528450012207,-16.07123565673828,-16.07123565673828,-16.07123565673828,-16.07123565673828,-16.07123565673828,-16.07123565673828,-16.07123565673828,-16.07123565673828,-16.07123565673828,-16.07123565673828,-16.07123565673828,-16.07123565673828,-17.053430557250977,-16.07123565673828,-16.07123565673828,-16.07123565673828,-16.07123565673828,-16.07123565673828,-16.07123565673828,-16.07123565673828,-16.07123565673828,-16.07123565673828,-16.07123565673828,-16.07123565673828,-16.07123565673828,-16.07123565673828,-16.07123565673828,-16.07123565673828,-16.07123565673828,-16.07123565673828,-16.07123565673828,-16.07123565673828,-16.07123565673828,-16.07123565673828,-17.151918411254883,-16.07123565673828,-0.7480730414390564,-16.07123565673828,-16.07123565673828,-16.07123565673828,-16.07123565673828,-16.07123565673828,-16.07123565673828,-16.07123565673828,-16.07123565673828,-16.07123565673828,-16.07123565673828,-16.07123565673828,-16.07123565673828,-16.07123565673828,-1.8389620780944824,-16.07123565673828,-16.07123565673828,-16.07123565673828,-16.07123565673828,-16.07123565673828,-16.07123565673828,-16.07123565673828,-16.07123565673828,-16.07123565673828,-16.07123565673828,-16.07123565673828,-16.07123565673828,-16.07123565673828,-16.07123565673828,-16.07123565673828,-16.07123565673828,-16.07123565673828,-16.07123565673828,-16.07123565673828,-16.07123565673828,-16.07123565673828,-16.07123565673828,-16.07123565673828,-16.07123565673828,-16.07123565673828,-16.07123565673828,-16.07123565673828,-16.07123565673828,-16.07123565673828,-16.07123565673828,-16.07123565673828,-16.07123565673828,-16.07123565673828,-16.07123565673828,-16.07123565673828,-16.07123565673828,-16.07123565673828,-16.07123565673828,-16.07123565673828,-16.07123565673828,-16.07123565673828,-16.07123565673828,-14.107909202575684,-16.07123565673828,-16.07123565673828,-16.07123565673828,-16.07123565673828,-16.07123565673828,-16.07123565673828,-16.07123565673828,-16.07123565673828,-16.07123565673828,-16.07123565673828,-16.07123565673828,-16.07123565673828,-16.07123565673828,-16.07123565673828,-16.07123565673828,-16.07123565673828,-16.07123565673828,-16.07123565673828,-15.510122299194336,-16.07123565673828,-16.07123565673828,-16.07123565673828,-16.07123565673828,-1.0004315376281738,-16.82412338256836,-16.07123565673828,-16.07123565673828,-16.07123565673828,-16.07123565673828,-16.07123565673828,-16.07123565673828,-16.07123565673828,-16.07123565673828,-16.07123565673828,-16.07123565673828,-16.07123565673828,-16.07123565673828,-16.07123565673828,-16.07123565673828,-16.07123565673828,-16.07123565673828,-16.07123565673828,-16.07123565673828,-16.07123565673828,-16.07123565673828,-16.07123565673828,-16.07123565673828,-16.07123565673828,-inf,-inf,-inf,-inf,-inf,-inf,-inf,-inf,-inf,-inf,-inf,-inf,-inf,-inf,-inf,-inf,-inf,-inf,-inf,-inf,-16.07123565673828,-23.722000122070312,5.098683834075928,-11.5929536819458,-12.723499298095703,-13.901839256286621,-12.56920051574707,-12.903695106506348,-12.95724868774414,-10.00745677947998,-23.075523376464844,-23.075523376464844,-23.075523376464844,-23.075523376464844,-23.075523376464844,-23.075523376464844,-23.075523376464844,-23.075523376464844,-23.075523376464844,-23.075523376464844,-23.075523376464844,-23.075523376464844,-23.075523376464844,-22.979663848876953,-23.075523376464844,-23.075523376464844,-23.075523376464844,-23.075523376464844,-23.075523376464844,-26.665111541748047,-23.075523376464844,-23.075523376464844,-23.075523376464844,-23.075523376464844,-23.075523376464844,-23.075523376464844,-23.075523376464844,-23.075523376464844,-23.075523376464844,-23.075523376464844,-23.075523376464844,-23.075523376464844,-23.34697723388672,-23.075523376464844,-23.075523376464844,-23.075523376464844,-23.075523376464844,-23.075523376464844,-23.075523376464844,-23.075523376464844,-23.075523376464844,-23.075523376464844,-23.075523376464844,-23.075523376464844,-23.075523376464844,-23.075523376464844,-23.075523376464844,-23.075523376464844,-23.075523376464844,-23.075523376464844,-23.075523376464844,-23.075523376464844,-23.075523376464844,-23.075523376464844,-10.292351722717285,-23.075523376464844,-23.603105545043945,-23.075523376464844,-23.075523376464844,-23.075523376464844,-23.075523376464844,-23.075523376464844,-23.075523376464844,-23.075523376464844,-23.075523376464844,-23.075523376464844,-23.075523376464844,-23.075523376464844,-23.075523376464844,-23.075523376464844,-22.253686904907227,-23.075523376464844,-23.075523376464844,-23.075523376464844,-23.075523376464844,-23.075523376464844,-23.075523376464844,-23.075523376464844,-23.075523376464844,-23.075523376464844,-23.075523376464844,-23.075523376464844,-23.075523376464844,-23.075523376464844,-23.075523376464844,-23.075523376464844,-23.075523376464844,-23.075523376464844,-23.075523376464844,-23.075523376464844,-23.075523376464844,-23.075523376464844,-23.075523376464844,-23.075523376464844,-23.075523376464844,-23.075523376464844,-23.075523376464844,-23.075523376464844,-23.075523376464844,-23.075523376464844,-23.075523376464844,-23.075523376464844,-23.075523376464844,-23.075523376464844,-23.075523376464844,-23.075523376464844,-23.075523376464844,-23.075523376464844,-23.075523376464844,-23.075523376464844,-23.075523376464844,-23.075523376464844,-23.075523376464844,-22.775955200195312,-23.075523376464844,-23.075523376464844,-23.075523376464844,-23.075523376464844,-23.075523376464844,-23.075523376464844,-23.075523376464844,-23.075523376464844,-23.075523376464844,-23.075523376464844,-23.075523376464844,-23.075523376464844,-23.075523376464844,-23.075523376464844,-23.075523376464844,-23.075523376464844,-23.075523376464844,-23.075523376464844,-23.98306655883789,-23.075523376464844,-23.075523376464844,-23.075523376464844,-23.075523376464844,-23.6306095123291,-14.863385200500488,-23.075523376464844,-23.075523376464844,-23.075523376464844,-23.075523376464844,-23.075523376464844,-23.075523376464844,-23.075523376464844,-23.075523376464844,-23.075523376464844,-23.075523376464844,-23.075523376464844,-23.075523376464844,-23.075523376464844,-23.075523376464844,-23.075523376464844,-23.075523376464844,-23.075523376464844,-23.075523376464844,-23.075523376464844,-23.075523376464844,-23.075523376464844,-23.075523376464844,-23.075523376464844,-inf,-inf,-inf,-inf,-inf,-inf,-inf,-inf,-inf,-inf,-inf,-inf,-inf,-inf,-inf,-inf,-inf,-inf,-inf,-inf,-3.421248038648628e-05,-25.720746994018555,-24.04367446899414,-24.04367446899414,-24.04367446899414,-24.04367446899414,-24.04367446899414,-24.04367446899414,-24.04367446899414,-24.04367446899414,-24.04367446899414,-24.04367446899414,-24.04367446899414,-24.04367446899414,-24.04367446899414,-24.17098045349121,-24.04367446899414,-24.04367446899414,-24.04367446899414,-24.04367446899414,-24.04367446899414,-15.860140800476074,-24.04367446899414,-24.04367446899414,-24.04367446899414,-24.04367446899414,-24.04367446899414,-24.04367446899414,-24.04367446899414,-24.04367446899414,-24.04367446899414,-24.04367446899414,-24.04367446899414,-24.04367446899414,-23.82733154296875,-24.04367446899414,-24.04367446899414,-24.04367446899414,-24.04367446899414,-24.04367446899414,-24.04367446899414,-24.04367446899414,-24.04367446899414,-24.04367446899414,-24.04367446899414,-24.04367446899414,-24.04367446899414,-24.04367446899414,-24.04367446899414,-24.04367446899414,-24.04367446899414,-24.04367446899414,-24.04367446899414,-24.04367446899414,-24.04367446899414,-24.04367446899414,-24.02294158935547,-24.04367446899414,-23.821834564208984,-24.04367446899414,-24.04367446899414,-24.04367446899414,-24.04367446899414,-24.04367446899414,-24.04367446899414,-24.04367446899414,-24.04367446899414,-24.04367446899414,-24.04367446899414,-24.04367446899414,-24.04367446899414,-24.04367446899414,-23.232425689697266,-24.04367446899414,-24.04367446899414,-24.04367446899414,-24.04367446899414,-24.04367446899414,-24.04367446899414,-24.04367446899414,-24.04367446899414,-24.04367446899414,-24.04367446899414,-24.04367446899414,-24.04367446899414,-24.04367446899414,-24.04367446899414,-24.04367446899414,-24.04367446899414,-24.04367446899414,-24.04367446899414,-24.04367446899414,-24.04367446899414,-24.04367446899414,-24.04367446899414,-24.04367446899414,-24.04367446899414,-24.04367446899414,-24.04367446899414,-24.04367446899414,-24.04367446899414,-24.04367446899414,-24.04367446899414,-24.04367446899414,-24.04367446899414,-24.04367446899414,-24.04367446899414,-24.04367446899414,-24.04367446899414,-24.04367446899414,-24.04367446899414,-24.04367446899414,-24.04367446899414,-24.04367446899414,-24.04367446899414,-17.687942504882812,-24.04367446899414,-24.04367446899414,-24.04367446899414,-24.04367446899414,-24.04367446899414,-24.04367446899414,-24.04367446899414,-24.04367446899414,-24.04367446899414,-24.04367446899414,-24.04367446899414,-24.04367446899414,-24.04367446899414,-24.04367446899414,-24.04367446899414,-24.04367446899414,-24.04367446899414,-24.04367446899414,-23.589618682861328,-24.04367446899414,-24.04367446899414,-24.04367446899414,-24.04367446899414,-23.809986114501953,-24.98817253112793,-24.04367446899414,-24.04367446899414,-24.04367446899414,-24.04367446899414,-24.04367446899414,-24.04367446899414,-24.04367446899414,-24.04367446899414,-24.04367446899414,-24.04367446899414,-24.04367446899414,-24.04367446899414,-24.04367446899414,-24.04367446899414,-24.04367446899414,-24.04367446899414,-24.04367446899414,-24.04367446899414,-24.04367446899414,-24.04367446899414,-24.04367446899414,-24.04367446899414,-24.04367446899414,-inf,-inf,-inf,-inf,-inf,-inf,-inf,-inf,-inf,-inf,-inf,-inf,-inf,-inf,-inf,-inf,-inf,-inf,-inf,-inf,-1.1920928244535389e-07,-24.53022575378418
6,-17.71048355102539,-17.71048355102539,-17.71048355102539,-17.71048355102539,-17.71048355102539,-17.71048355102539,-17.71048355102539,-17.71048355102539,-17.71048355102539,-17.71048355102539,-17.71048355102539,-17.71048355102539,-17.71048355102539,-16.50296401977539,-17.71048355102539,-17.71048355102539,-17.71048355102539,-17.71048355102539,-17.71048355102539,-23.265066146850586,-17.71048355102539,-17.71048355102539,-17.71048355102539,-17.71048355102539,-17.71048355102539,-17.71048355102539,-17.71048355102539,-17.71048355102539,-17.71048355102539,-17.71048355102539,-17.71048355102539,-17.71048355102539,-19.734609603881836,-17.71048355102539,-17.71048355102539,-17.71048355102539,-17.71048355102539,-17.71048355102539,-17.71048355102539,-17.71048355102539,-17.71048355102539,-17.71048355102539,-17.71048355102539,-17.71048355102539,-17.71048355102539,-17.71048355102539,-17.71048355102539,-17.71048355102539,-17.71048355102539,-17.71048355102539,-17.71048355102539,-17.71048355102539,-17.71048355102539,-17.71048355102539,-18.363605499267578,-17.71048355102539,-1.4819846153259277,-17.71048355102539,-17.71048355102539,-17.71048355102539,-17.71048355102539,-17.71048355102539,-17.71048355102539,-17.71048355102539,-17.71048355102539,-17.71048355102539,-17.71048355102539,-17.71048355102539,-17.71048355102539,-17.71048355102539,-0.71768718957901,-17.71048355102539,-17.71048355102539,-17.71048355102539,-17.71048355102539,-17.71048355102539,-17.71048355102539,-17.71048355102539,-17.71048355102539,-17.71048355102539,-17.71048355102539,-17.71048355102539,-17.71048355102539,-17.71048355102539,-17.71048355102539,-17.71048355102539,-17.71048355102539,-17.71048355102539,-17.71048355102539,-17.71048355102539,-17.71048355102539,-17.71048355102539,-17.71048355102539,-17.71048355102539,-17.71048355102539,-17.71048355102539,-17.71048355102539,-17.71048355102539,-17.71048355102539,-17.71048355102539,-17.71048355102539,-17.71048355102539,-17.71048355102539,-17.71048355102539,-17.71048355102539,-17.71048355102539,-17.71048355102539,-17.71048355102539,-17.71048355102539,-17.71048355102539,-17.71048355102539,-17.71048355102539,-17.71048355102539,-16.347557067871094,-17.71048355102539,-17.71048355102539,-17.71048355102539,-17.71048355102539,-17.71048355102539,-17.71048355102539,-17.71048355102539,-17.71048355102539,-17.71048355102539,-17.71048355102539,-17.71048355102539,-17.71048355102539,-17.71048355102539,-17.71048355102539,-17.71048355102539,-17.71048355102539,-17.71048355102539,-17.71048355102539,-15.598167419433594,-17.71048355102539,-17.71048355102539,-17.71048355102539,-17.71048355102539,-1.255509853363037,-18.566543579101562,-17.71048355102539,-17.71048355102539,-17.71048355102539,-17.71048355102539,-17.71048355102539,-17.71048355102539,-17.71048355102539,-17.71048355102539,-17.71048355102539,-17.71048355102539,-17.71048355102539,-17.71048355102539,-17.71048355102539,-17.71048355102539,-17.71048355102539,-17.71048355102539,-17.71048355102539,-17.71048355102539,-17.71048355102539,-17.71048355102539,-17.71048355102539,-17.71048355102539,-17.71048355102539,-inf,-inf,-inf,-inf,-inf,-inf,-inf,-inf,-inf,-inf,-inf,-inf,-inf,-inf,-inf,-inf,-inf,-inf,-inf,-inf,-17.71048355102539,-25.215009689331055,5.351473331451416,-13.452268600463867,-11.969414710998535,-13.766439437866211,-13.982739448547363,-13.10864543914795,-11.65335464477539,-10.145578384399414,-29.439598083496094,-29.439598083496094,-29.439598083496094,-29.439598083496094,-29.439598083496094,-29.439598083496094,-29.439598083496094,-29.439598083496094,-29.439598083496094,-29.439598083496094,-29.439598083496094,-29.439598083496094,-29.439598083496094,-29.38776397705078,-29.439598083496094,-29.439598083496094,-29.439598083496094,-29.439598083496094,-29.439598083496094,-31.843053817749023,-29.439598083496094,-29.439598083496094,-29.439598083496094,-29.439598083496094,-29.439598083496094,-29.439598083496094,-29.439598083496094,-29.439598083496094,-29.439598083496094,-29.439598083496094,-29.439598083496094,-29.439598083496094,-29.700244903564453,-29.439598083496094,-29.439598083496094,-29.439598083496094,-29.439598083496094,-29.439598083496094,-29.439598083496094,-29.439598083496094,-29.439598083496094,-29.439598083496094,-29.439598083496094,-29.439598083496094,-29.439598083496094,-29.439598083496094,-29.439598083496094,-29.439598083496094,-29.439598083496094,-29.439598083496094,-29.439598083496094,-29.439598083496094,-29.439598083496094,-29.439598083496094,-17.16043472290039,-29.439598083496094,-29.940940856933594,-29.439598083496094,-29.439598083496094,-29.439598083496094,-29.439598083496094,-29.439598083496094,-29.439598083496094,-29.439598083496094,-29.439598083496094,-29.439598083496094,-29.439598083496094,-29.439598083496094,-29.439598083496094,-29.439598083496094,-28.60133934020996,-29.439598083496094,-29.439598083496094,-29.439598083496094,-29.439598083496094,-29.439598083496094,-29.439598083496094,-29.439598083496094,-29.439598083496094,-29.439598083496094,-29.439598083496094,-29.439598083496094,-29.439598083496094,-29.439598083496094,-29.439598083496094,-29.439598083496094,-29.439598083496094,-29.439598083496094,-29.439598083496094,-29.439598083496094,-29.439598083496094,-29.439598083496094,-29.439598083496094,-29.439598083496094,-29.439598083496094,-29.439598083496094,-29.439598083496094,-29.439598083496094,-29.439598083496094,-29.439598083496094,-29.439598083496094,-29.439598083496094,-29.439598083496094,-29.439598083496094,-29.439598083496094,-29.439598083496094,-29.439598083496094,-29.439598083496094,-29.439598083496094,-29.439598083496094,-29.439598083496094,-29.439598083496094,-29.439598083496094,-29.323284149169922,-29.439598083496094,-29.439598083496094,-29.439598083496094,-29.439598083496094,-29.439598083496094,-29.439598083496094,-29.439598083496094,-29.439598083496094,-29.439598083496094,-29.439598083496094,-29.439598083496094,-29.439598083496094,-29.439598083496094,-29.439598083496094,-29.439598083496094,-29.439598083496094,-29.439598083496094,-29.439598083496094,-30.4718017578125,-29.439598083496094,-29.439598083496094,-29.439598083496094,-29.439598083496094,-29.541973114013672,-20.450029373168945,-29.439598083496094,-29.439598083496094,-29.439598083496094,-29.439598083496094,-29.439598083496094,-29.439598083496094,-29.439598083496094,-29.439598083496094,-29.439598083496094,-29.439598083496094,-29.439598083496094,-29.439598083496094,-29.439598083496094,-29.439598083496094,-29.439598083496094,-29.439598083496094,-29.439598083496094,-29.439598083496094,-29.439598083496094,-29.439598083496094,-29.439598083496094,-29.439598083496094,-29.439598083496094,-inf,-inf,-inf,-inf,-inf,-inf,-inf,-inf,-inf,-inf,-inf,-inf,-inf,-inf,-inf,-inf,-inf,-inf,-inf,-inf,0.0,-32.053985595703125,-21.51910972595215,-21.51910972595215,-21.51910972595215,-21.51910972595215,-21.51910972595215,-21.51910972595215,-21.51910972595215,-21.51910972595215,-21.51910972595215,-21.51910972595215,-21.51910972595215,-21.51910972595215,-21.51910972595215,-21.659494400024414,-21.51910972595215,-21.51910972595215,-21.51910972595215,-21.51910972595215,-21.51910972595215,-7.950412750244141,-21.51910972595215,-21.51910972595215,-21.51910972595215,-21.51910972595215,-21.51910972595215,-21.51910972595215,-21.51910972595215,-21.51910972595215,-21.51910972595215,-21.51910972595215,-21.51910972595215,-21.51910972595215,-21.32776641845703,-21.51910972595215,-21.51910972595215,-21.51910972595215,-21.51910972595215,-21.51910972595215,-21.51910972595215,-21.51910972595215,-21.51910972595215,-21.51910972595215,-21.51910972595215,-21.51910972595215,-21.51910972595215,-21.51910972595215,-21.51910972595215,-21.51910972595215,-21.51910972595215,-21.51910972595215,-21.51910972595215,-21.51910972595215,-21.51910972595215,-21.51910972595215,-21.64944839477539,-21.51910972595215,-21.536489486694336,-21.51910972595215,-21.51910972595215,-21.51910972595215,-21.51910972595215,-21.51910972595215,-21.51910972595215,-21.51910972595215,-21.51910972595215,-21.51910972595215,-21.51910972595215,-21.51910972595215,-21.51910972595215,-21.51910972595215,-20.53518295288086,-21.51910972595215,-21.51910972595215,-21.51910972595215,-21.51910972595215,-21.51910972595215,-21.51910972595215,-21.51910972595215,-21.51910972595215,-21.51910972595215,-21.51910972595215,-21.51910972595215,-21.51910972595215,-21.51910972595215,-21.51910972595215,-21.51910972595215,-21.51910972595215,-21.51910972595215,-21.51910972595215,-21.51910972595215,-21.51910972595215,-21.51910972595215,-21.51910972595215,-21.51910972595215,-21.51910972595215,-21.51910972595215,-21.51910972595215,-21.51910972595215,-21.51910972595215,-21.51910972595215,-21.51910972595215,-21.51910972595215,-21.51910972595215,-21.51910972595215,-21.51910972595215,-21.51910972595215,-21.51910972595215,-21.51910972595215,-21.51910972595215,-21.51910972595215,-21.51910972595215,-21.51910972595215,-21.51910972595215,-16.260700225830078,-21.51910972595215,-21.51910972595215,-21.51910972595215,-21.51910972595215,-21.51910972595215,-21.51910972595215,-21.51910972595215,-21.51910972595215,-21.51910972595215,-21.51910972595215,-21.51910972595215,-21.51910972595215,-21.51910972595215,-21.51910972595215,-21.51910972595215,-21.51910972595215,-21.51910972595215,-21.51910972595215,-21.42631721496582,-21.51910972595215,-21.51910972595215,-21.51910972595215,-21.51910972595215,-21.52440643310547,-22.328413009643555,-21.51910972595215,-21.51910972595215,-21.51910972595215,-21.51910972595215,-21.51910972595215,-21.51910972595215,-21.51910972595215,-21.51910972595215,-21.51910972595215,-21.51910972595215,-21.51910972595215,-21.51910972595215,-21.51910972595215,-21.51910972595215,-21.51910972595215,-21.51910972595215,-21.51910972595215,-21.51910972595215,-21.51910972595215,-21.51910972595215,-21.51910972595215,-21.51910972595215,-21.51910972595215,-inf,-inf,-inf,-inf,-inf,-inf,-inf,-inf,-inf,-inf,-inf,-inf,-inf,-inf,-inf,-inf,-inf,-inf,-inf,-inf,-0.0003526780928950757,-22.158523559570312
7,-17.931884765625,-17.931884765625,-17.931884765625,-17.931884765625,-17.931884765625,-17.931884765625,-17.931884765625,-17.931884765625,-17.931884765625,-17.931884765625,-17.931884765625,-17.931884765625,-17.931884765625,-15.288177490234375,-17.931884765625,-17.931884765625,-17.931884765625,-17.931884765625,-17.931884765625,-24.279464721679688,-17.931884765625,-17.931884765625,-17.931884765625,-17.931884765625,-17.931884765625,-17.931884765625,-17.931884765625,-17.931884765625,-17.931884765625,-17.931884765625,-17.931884765625,-17.931884765625,-20.218706130981445,-17.931884765625,-17.931884765625,-17.931884765625,-17.931884765625,-17.931884765625,-17.931884765625,-17.931884765625,-17.931884765625,-17.931884765625,-17.931884765625,-17.931884765625,-17.931884765625,-17.931884765625,-17.931884765625,-17.931884765625,-17.931884765625,-17.931884765625,-17.931884765625,-17.931884765625,-17.931884765625,-17.931884765625,-18.387149810791016,-17.931884765625,-1.0593326091766357,-17.931884765625,-17.931884765625,-17.931884765625,-17.931884765625,-17.931884765625,-17.931884765625,-17.931884765625,-17.931884765625,-17.931884765625,-17.931884765625,-17.931884765625,-17.931884765625,-17.931884765625,-0.7969558238983154,-17.931884765625,-17.931884765625,-17.931884765625,-17.931884765625,-17.931884765625,-17.931884765625,-17.931884765625,-17.931884765625,-17.931884765625,-17.931884765625,-17.931884765625,-17.931884765625,-17.931884765625,-17.931884765625,-17.931884765625,-17.931884765625,-17.931884765625,-17.931884765625,-17.931884765625,-17.931884765625,-17.931884765625,-17.931884765625,-17.931884765625,-17.931884765625,-17.931884765625,-17.931884765625,-17.931884765625,-17.931884765625,-17.931884765625,-17.931884765625,-17.931884765625,-17.931884765625,-17.931884765625,-17.931884765625,-17.931884765625,-17.931884765625,-17.931884765625,-17.931884765625,-17.931884765625,-17.931884765625,-17.931884765625,-17.931884765625,-14.778682708740234,-17.931884765625,-17.931884765625,-17.931884765625,-17.931884765625,-17.931884765625,-17.931884765625,-17.931884765625,-17.931884765625,-17.931884765625,-17.931884765625,-17.931884765625,-17.931884765625,-17.931884765625,-17.931884765625,-17.931884765625,-17.931884765625,-17.931884765625,-17.931884765625,-10.996371269226074,-17.931884765625,-17.931884765625,-17.931884765625,-17.931884765625,-1.5965526103973389,-18.901161193847656,-17.931884765625,-17.931884765625,-17.931884765625,-17.931884765625,-17.931884765625,-17.931884765625,-17.931884765625,-17.931884765625,-17.931884765625,-17.931884765625,-17.931884765625,-17.931884765625,-17.931884765625,-17.931884765625,-17.931884765625,-17.931884765625,-17.931884765625,-17.931884765625,-17.931884765625,-17.931884765625,-17.931884765625,-17.931884765625,-17.931884765625,-inf,-inf,-inf,-inf,-inf,-inf,-inf,-inf,-inf,-inf,-inf,-inf,-inf,-inf,-inf,-inf,-inf,-inf,-inf,-inf,-17.931884765625,-24.156150817871094,-4.43056058883667,-15.997757911682129,-12.623453140258789,-16.843793869018555,-15.558250427246094,-13.484245300292969,-10.74120044708252,-10.93148136138916,-34.10172653198242,-34.10172653198242,-34.10172653198242,-34.10172653198242,-34.10172653198242,-34.10172653198242,-34.10172653198242,-34.10172653198242,-34.10172653198242,-34.10172653198242,-34.10172653198242,-34.10172653198242,-34.10172653198242,-34.01500701904297,-34.10172653198242,-34.10172653198242,-34.10172653198242,-34.10172653198242,-34.10172653198242,-34.87682342529297,-34.10172653198242,-34.10172653198242,-34.10172653198242,-34.10172653198242,-34.10172653198242,-34.10172653198242,-34.10172653198242,-34.10172653198242,-34.10172653198242,-34.10172653198242,-34.10172653198242,-34.10172653198242,-34.438636779785156,-34.10172653198242,-34.10172653198242,-34.10172653198242,-34.10172653198242,-34.10172653198242,-34.10172653198242,-34.10172653198242,-34.10172653198242,-34.10172653198242,-34.10172653198242,-34.10172653198242,-34.10172653198242,-34.10172653198242,-34.10172653198242,-34.10172653198242,-34.10172653198242,-34.10172653198242,-34.10172653198242,-34.10172653198242,-34.10172653198242,-34.10172653198242,-24.00393295288086,-34.10172653198242,-34.705142974853516,-34.10172653198242,-34.10172653198242,-34.10172653198242,-34.10172653198242,-34.10172653198242,-34.10172653198242,-34.10172653198242,-34.10172653198242,-34.10172653198242,-34.10172653198242,-34.10172653198242,-34.10172653198242,-34.10172653198242,-33.030494689941406,-34.10172653198242,-34.10172653198242,-34.10172653198242,-34.10172653198242,-34.10172653198242,-34.10172653198242,-34.10172653198242,-34.10172653198242,-34.10172653198242,-34.10172653198242,-34.10172653198242,-34.10172653198242,-34.10172653198242,-34.10172653198242,-34.10172653198242,-34.10172653198242,-34.10172653198242,-34.10172653198242,-34.10172653198242,-34.10172653198242,-34.10172653198242,-34.10172653198242,-34.10172653198242,-34.10172653198242,-34.10172653198242,-34.10172653198242,-34.10172653198242,-34.10172653198242,-34.10172653198242,-34.10172653198242,-34.10172653198242,-34.10172653198242,-34.10172653198242,-34.10172653198242,-34.10172653198242,-34.10172653198242,-34.10172653198242,-34.10172653198242,-34.10172653198242,-34.10172653198242,-34.10172653198242,-34.10172653198242,-34.04995346069336,-34.10172653198242,-34.10172653198242,-34.10172653198242,-34.10172653198242,-34.10172653198242,-34.10172653198242,-34.10172653198242,-34.10172653198242,-34.10172653198242,-34.10172653198242,-34.10172653198242,-34.10172653198242,-34.10172653198242,-34.10172653198242,-34.10172653198242,-34.10172653198242,-34.10172653198242,-34.10172653198242,-35.14426040649414,-34.10172653198242,-34.10172653198242,-34.10172653198242,-34.10172653198242,-33.85200500488281,-22.063173294067383,-34.10172653198242,-34.10172653198242,-34.10172653198242,-34.10172653198242,-34.10172653198242,-34.10172653198242,-34.10172653198242,-34.10172653198242,-34.10172653198242,-34.10172653198242,-34.10172653198242,-34.10172653198242,-34.10172653198242,-34.10172653198242,-34.10172653198242,-34.10172653198242,-34.10172653198242,-34.10172653198242,-34.10172653198242,-34.10172653198242,-34.10172653198242,-34.10172653198242,-34.10172653198242,-inf,-inf,-inf,-inf,-inf,-inf,-inf,-inf,-inf,-inf,-inf,-inf,-inf,-inf,-inf,-inf,-inf,-inf,-inf,-inf,0.0,-35.99805450439453,-23.588109970092773,-23.588109970092773,-23.588109970092773,-23.588109970092773,-23.588109970092773,-23.588109970092773,-23.588109970092773,-23.588109970092773,-23.588109970092773,-23.588109970092773,-23.588109970092773,-23.588109970092773,-23.588109970092773,-23.701427459716797,-23.588109970092773,-23.588109970092773,-23.588109970092773,-23.588109970092773,-23.588109970092773,-0.00014935807848814875,-23.588109970092773,-23.588109970092773,-23.588109970092773,-23.588109970092773,-23.588109970092773,-23.588109970092773,-23.588109970092773,-23.588109970092773,-23.588109970092773,-23.588109970092773,-23.588109970092773,-23.588109970092773,-23.569475173950195,-23.588109970092773,-23.588109970092773,-23.588109970092773,-23.588109970092773,-23.588109970092773,-23.588109970092773,-23.588109970092773,-23.588109970092773,-23.588109970092773,-23.588109970092773,-23.588109970092773,-23.588109970092773,-23.588109970092773,-23.588109970092773,-23.588109970092773,-23.588109970092773,-23.588109970092773,-23.588109970092773,-23.588109970092773,-23.588109970092773,-23.588109970092773,-23.754295349121094,-23.588109970092773,-23.598867416381836,-23.588109970092773,-23.588109970092773,-23.588109970092773,-23.588109970092773,-23.588109970092773,-23.588109970092773,-23.588109970092773,-23.588109970092773,-23.588109970092773,-23.588109970092773,-23.588109970092773,-23.588109970092773,-23.588109970092773,-22.600852966308594,-23.588109970092773,-23.588109970092773,-23.588109970092773,-23.588109970092773,-23.588109970092773,-23.588109970092773,-23.588109970092773,-23.588109970092773,-23.588109970092773,-23.588109970092773,-23.588109970092773,-23.588109970092773,-23.588109970092773,-23.588109970092773,-23.588109970092773,-23.588109970092773,-23.588109970092773,-23.588109970092773,-23.588109970092773,-23.588109970092773,-23.588109970092773,-23.588109970092773,-23.588109970092773,-23.588109970092773,-23.588109970092773,-23.588109970092773,-23.588109970092773,-23.588109970092773,-23.588109970092773,-23.588109970092773,-23.588109970092773,-23.588109970092773,-23.588109970092773,-23.588109970092773,-23.588109970092773,-23.588109970092773,-23.588109970092773,-23.588109970092773,-23.588109970092773,-23.588109970092773,-23.588109970092773,-23.588109970092773,-15.901055335998535,-23.588109970092773,-23.588109970092773,-23.588109970092773,-23.588109970092773,-23.588109970092773,-23.588109970092773,-23.588109970092773,-23.588109970092773,-23.588109970092773,-23.588109970092773,-23.588109970092773,-23.588109970092773,-23.588109970092773,-23.588109970092773,-23.588109970092773,-23.588109970092773,-23.588109970092773,-23.588109970092773,-23.646099090576172,-23.588109970092773,-23.588109970092773,-23.588109970092773,-23.588109970092773,-23.735624313354492,-24.563190460205078,-23.588109970092773,-23.588109970092773,-23.588109970092773,-23.588109970092773,-23.588109970092773,-23.588109970092773,-23.588109970092773,-23.588109970092773,-23.588109970092773,-23.588109970092773,-23.588109970092773,-23.588109970092773,-23.588109970092773,-23.588109970092773,-23.588109970092773,-23.588109970092773,-23.588109970092773,-23.588109970092773,-23.588109970092773,-23.588109970092773,-23.588109970092773,-23.588109970092773,-23.588109970092773,-inf,-inf,-inf,-inf,-inf,-inf,-inf,-inf,-inf,-inf,-inf,-inf,-inf,-inf,-inf,-inf,-inf,-inf,-inf,-inf,-8.810237884521484,-24.15299415588379
8,-16.841859817504883,-16.841859817504883,-16.841859817504883,-16.841859817504883,-16.841859817504883,-16.841859817504883,-16.841859817504883,-16.841859817504883,-16.841859817504883,-16.841859817504883,-16.841859817504883,-16.841859817504883,-16.841859817504883,-12.64884090423584,-16.841859817504883,-16.841859817504883,-16.841859817504883,-16.841859817504883,-16.841859817504883,-23.23723602294922,-16.841859817504883,-16.841859817504883,-16.841859817504883,-16.841859817504883,-16.841859817504883,-16.841859817504883,-16.841859817504883,-16.841859817504883,-16.841859817504883,-16.841859817504883,-16.841859817504883,-16.841859817504883,-18.982580184936523,-16.841859817504883,-16.841859817504883,-16.841859817504883,-16.841859817504883,-16.841859817504883,-16.841859817504883,-16.841859817504883,-16.841859817504883,-16.841859817504883,-16.841859817504883,-16.841859817504883,-16.841859817504883,-16.841859817504883,-16.841859817504883,-16.841859817504883,-16.841859817504883,-16.841859817504883,-16.841859817504883,-16.841859817504883,-16.841859817504883,-16.841859817504883,-17.35727882385254,-16.841859817504883,-0.7801514863967896,-16.841859817504883,-16.841859817504883,-16.841859817504883,-16.841859817504883,-16.841859817504883,-16.841859817504883,-16.841859817504883,-16.841859817504883,-16.841859817504883,-16.841859817504883,-16.841859817504883,-16.841859817504883,-16.841859817504883,-1.1447688341140747,-16.841859817504883,-16.841859817504883,-16.841859817504883,-16.841859817504883,-16.841859817504883,-16.841859817504883,-16.841859817504883,-16.841859817504883,-16.841859817504883,-16.841859817504883,-16.841859817504883,-16.841859817504883,-16.841859817504883,-16.841859817504883,-16.841859817504883,-16.841859817504883,-16.841859817504883,-16.841859817504883,-16.841859817504883,-16.841859817504883,-16.841859817504883,-16.841859817504883,-16.841859817504883,-16.841859817504883,-16.841859817504883,-16.841859817504883,-16.841859817504883,-16.841859817504883,-16.841859817504883,-16.841859817504883,-16.841859817504883,-16.841859817504883,-16.841859817504883,-16.841859817504883,-16.841859817504883,-16.841859817504883,-16.841859817504883,-16.841859817504883,-16.841859817504883,-16.841859817504883,-16.841859817504883,-16.841859817504883,-11.936075210571289,-16.841859817504883,-16.841859817504883,-16.841859817504883,-16.841859817504883,-16.841859817504883,-16.841859817504883,-16.841859817504883,-16.841859817504883,-16.841859817504883,-16.841859817504883,-16.841859817504883,-16.841859817504883,-16.841859817504883,-16.841859817504883,-16.841859817504883,-16.841859817504883,-16.841859817504883,-16.841859817504883,-8.143940925598145,-16.841859817504883,-16.841859817504883,-16.841859817504883,-16.841859817504883,-1.500327229499817,-17.892866134643555,-16.841859817504883,-16.841859817504883,-16.841859817504883,-16.841859817504883,-16.841859817504883,-16.841859817504883,-16.841859817504883,-16.841859817504883,-16.841859817504883,-16.841859817504883,-16.841859817504883,-16.841859817504883,-16.841859817504883,-16.841859817504883,-16.841859817504883,-16.841859817504883,-16.841859817504883,-16.841859817504883,-16.841859817504883,-16.841859817504883,-16.841859817504883,-16.841859817504883,-16.841859817504883,-inf,-inf,-inf,-inf,-inf,-inf,-inf,-inf,-inf,-inf,-inf,-inf,-inf,-inf,-inf,-inf,-inf,-inf,-inf,-inf,-16.841859817504883,-23.002056121826172,-10.607072830200195,-14.798991203308105,-12.109277725219727,-16.689111709594727,-15.762274742126465,-12.595647811889648,-10.233413696289062,-10.724692344665527,-31.988384246826172,-31.988384246826172,-31.988384246826172,-31.988384246826172,-31.988384246826172,-31.988384246826172,-31.988384246826172,-31.988384246826172,-31.988384246826172,-31.988384246826172,-31.988384246826172,-31.988384246826172,-31.988384246826172,-31.899002075195312,-31.988384246826172,-31.988384246826172,-31.988384246826172,-31.988384246826172,-31.988384246826172,-31.687026977539062,-31.988384246826172,-31.988384246826172,-31.988384246826172,-31.988384246826172,-31.988384246826172,-31.988384246826172,-31.988384246826172,-31.988384246826172,-31.988384246826172,-31.988384246826172,-31.988384246826172,-31.988384246826172,-32.56365966796875,-31.988384246826172,-31.988384246826172,-31.988384246826172,-31.988384246826172,-31.988384246826172,-31.988384246826172,-31.988384246826172,-31.988384246826172,-31.988384246826172,-31.988384246826172,-31.988384246826172,-31.988384246826172,-31.988384246826172,-31.988384246826172,-31.988384246826172,-31.988384246826172,-31.988384246826172,-31.988384246826172,-31.988384246826172,-31.988384246826172,-31.988384246826172,-24.148069381713867,-31.988384246826172,-32.63410568237305,-31.988384246826172,-31.988384246826172,-31.988384246826172,-31.988384246826172,-31.988384246826172,-31.988384246826172,-31.988384246826172,-31.988384246826172,-31.988384246826172,-31.988384246826172,-31.988384246826172,-31.988384246826172,-31.988384246826172,-30.76650047302246,-31.988384246826172,-31.988384246826172,-31.988384246826172,-31.988384246826172,-31.988384246826172,-31.988384246826172,-31.988384246826172,-31.988384246826172,-31.988384246826172,-31.988384246826172,-31.988384246826172,-31.988384246826172,-31.988384246826172,-31.988384246826172,-31.988384246826172,-31.988384246826172,-31.988384246826172,-31.988384246826172,-31.988384246826172,-31.988384246826172,-31.988384246826172,-31.988384246826172,-31.988384246826172,-31.988384246826172,-31.988384246826172,-31.988384246826172,-31.988384246826172,-31.988384246826172,-31.988384246826172,-31.988384246826172,-31.988384246826172,-31.988384246826172,-31.988384246826172,-31.988384246826172,-31.988384246826172,-31.988384246826172,-31.988384246826172,-31.988384246826172,-31.988384246826172,-31.988384246826172,-31.988384246826172,-31.988384246826172,-31.86037254333496,-31.988384246826172,-31.988384246826172,-31.988384246826172,-31.988384246826172,-31.988384246826172,-31.988384246826172,-31.988384246826172,-31.988384246826172,-31.988384246826172,-31.988384246826172,-31.988384246826172,-31.988384246826172,-31.988384246826172,-31.988384246826172,-31.988384246826172,-31.988384246826172,-31.988384246826172,-31.988384246826172,-32.86117172241211,-31.988384246826172,-31.988384246826172,-31.988384246826172,-31.988384246826172,-31.67983627319336,-17.793315887451172,-31.988384246826172,-31.988384246826172,-31.988384246826172,-31.988384246826172,-31.988384246826172,-31.988384246826172,-31.988384246826172,-31.988384246826172,-31.988384246826172,-31.988384246826172,-31.988384246826172,-31.988384246826172,-31.988384246826172,-31.988384246826172,-31.988384246826172,-31.988384246826172,-31.988384246826172,-31.988384246826172,-31.988384246826172,-31.988384246826172,-31.988384246826172,-31.988384246826172,-31.988384246826172,-inf,-inf,-inf,-inf,-inf,-inf,-inf,-inf,-inf,-inf,-inf,-inf,-inf,-inf,-inf,-inf,-inf,-inf,-inf,-inf,0.0,-34.267948150634766,-24.1229248046875,-24.1229248046875,-24.1229248046875,-24.1229248046875,-24.1229248046875,-24.1229248046875,-24.1229248046875,-24.1229248046875,-24.1229248046875,-24.1229248046875,-24.1229248046875,-24.1229248046875,-24.1229248046875,-24.53097915649414,-24.1229248046875,-24.1229248046875,-24.1229248046875,-24.1229248046875,-24.1229248046875,-5.125986263010418e-06,-24.1229248046875,-24.1229248046875,-24.1229248046875,-24.1229248046875,-24.1229248046875,-24.1229248046875,-24.1229248046875,-24.1229248046875,-24.1229248046875,-24.1229248046875,-24.1229248046875,-24.1229248046875,-24.073257446289062,-24.1229248046875,-24.1229248046875,-24.1229248046875,-24.1229248046875,-24.1229248046875,-24.1229248046875,-24.1229248046875,-24.1229248046875,-24.1229248046875,-24.1229248046875,-24.1229248046875,-24.1229248046875,-24.1229248046875,-24.1229248046875,-24.1229248046875,-24.1229248046875,-24.1229248046875,-24.1229248046875,-24.1229248046875,-24.1229248046875,-24.1229248046875,-24.381847381591797,-24.1229248046875,-24.251691818237305,-24.1229248046875,-24.1229248046875,-24.1229248046875,-24.1229248046875,-24.1229248046875,-24.1229248046875,-24.1229248046875,-24.1229248046875,-24.1229248046875,-24.1229248046875,-24.1229248046875,-24.1229248046875,-24.1229248046875,-22.800281524658203,-24.1229248046875,-24.1229248046875,-24.1229248046875,-24.1229248046875,-24.1229248046875,-24.1229248046875,-24.1229248046875,-24.1229248046875,-24.1229248046875,-24.1229248046875,-24.1229248046875,-24.1229248046875,-24.1229248046875,-24.1229248046875,-24.1229248046875,-24.1229248046875,-24.1229248046875,-24.1229248046875,-24.1229248046875,-24.1229248046875,-24.1229248046875,-24.1229248046875,-24.1229248046875,-24.1229248046875,-24.1229248046875,-24.1229248046875,-24.1229248046875,-24.1229248046875,-24.1229248046875,-24.1229248046875,-24.1229248046875,-24.1229248046875,-24.1229248046875,-24.1229248046875,-24.1229248046875,-24.1229248046875,-24.1229248046875,-24.1229248046875,-24.1229248046875,-24.1229248046875,-24.1229248046875,-24.1229248046875,-15.217609405517578,-24.1229248046875,-24.1229248046875,-24.1229248046875,-24.1229248046875,-24.1229248046875,-24.1229248046875,-24.1229248046875,-24.1229248046875,-24.1229248046875,-24.1229248046875,-24.1229248046875,-24.1229248046875,-24.1229248046875,-24.1229248046875,-24.1229248046875,-24.1229248046875,-24.1229248046875,-24.1229248046875,-24.206626892089844,-24.1229248046875,-24.1229248046875,-24.1229248046875,-24.1229248046875,-24.369327545166016,-25.02892303466797,-24.1229248046875,-24.1229248046875,-24.1229248046875,-24.1229248046875,-24.1229248046875,-24.1229248046875,-24.1229248046875,-24.1229248046875,-24.1229248046875,-24.1229248046875,-24.1229248046875,-24.1229248046875,-24.1229248046875,-24.1229248046875,-24.1229248046875,-24.1229248046875,-24.1229248046875,-24.1229248046875,-24.1229248046875,-24.1229248046875,-24.1229248046875,-24.1229248046875,-24.1229248046875,-inf,-inf,-inf,-inf,-inf,-inf,-inf,-inf,-inf,-inf,-inf,-inf,-inf,-inf,-inf,-inf,-inf,-inf,-inf,-inf,-12.240086555480957,-25.681598663330078
9,-15.520296096801758,-15.520296096801758,-15.520296096801758,-15.520296096801758,-15.520296096801758,-15.520296096801758,-15.520296096801758,-15.520296096801758,-15.520296096801758,-15.520296096801758,-15.520296096801758,-15.520296096801758,-15.520296096801758,-8.90497875213623,-15.520296096801758,-15.520296096801758,-15.520296096801758,-15.520296096801758,-15.520296096801758,-21.155492782592773,-15.520296096801758,-15.520296096801758,-15.520296096801758,-15.520296096801758,-15.520296096801758,-15.520296096801758,-15.520296096801758,-15.520296096801758,-15.520296096801758,-15.520296096801758,-15.520296096801758,-15.520296096801758,-17.165740966796875,-15.520296096801758,-15.520296096801758,-15.520296096801758,-15.520296096801758,-15.520296096801758,-15.520296096801758,-15.520296096801758,-15.520296096801758,-15.520296096801758,-15.520296096801758,-15.520296096801758,-15.520296096801758,-15.520296096801758,-15.520296096801758,-15.520296096801758,-15.520296096801758,-15.520296096801758,-15.520296096801758,-15.520296096801758,-15.520296096801758,-15.520296096801758,-16.01888656616211,-15.520296096801758,-2.2548699378967285,-15.520296096801758,-15.520296096801758,-15.520296096801758,-15.520296096801758,-15.520296096801758,-15.520296096801758,-15.520296096801758,-15.520296096801758,-15.520296096801758,-15.520296096801758,-15.520296096801758,-15.520296096801758,-15.520296096801758,-1.323147177696228,-15.520296096801758,-15.520296096801758,-15.520296096801758,-15.520296096801758,-15.520296096801758,-15.520296096801758,-15.520296096801758,-15.520296096801758,-15.520296096801758,-15.520296096801758,-15.520296096801758,-15.520296096801758,-15.520296096801758,-15.520296096801758,-15.520296096801758,-15.520296096801758,-15.520296096801758,-15.520296096801758,-15.520296096801758,-15.520296096801758,-15.520296096801758,-15.520296096801758,-15.520296096801758,-15.520296096801758,-15.520296096801758,-15.520296096801758,-15.520296096801758,-15.520296096801758,-15.520296096801758,-15.520296096801758,-15.520296096801758,-15.520296096801758,-15.520296096801758,-15.520296096801758,-15.520296096801758,-15.520296096801758,-15.520296096801758,-15.520296096801758,-15.520296096801758,-15.520296096801758,-15.520296096801758,-15.520296096801758,-7.339123249053955,-15.520296096801758,-15.520296096801758,-15.520296096801758,-15.520296096801758,-15.520296096801758,-15.520296096801758,-15.520296096801758,-15.520296096801758,-15.520296096801758,-15.520296096801758,-15.520296096801758,-15.520296096801758,-15.520296096801758,-15.520296096801758,-15.520296096801758,-15.520296096801758,-15.520296096801758,-15.520296096801758,-8.134238243103027,-15.520296096801758,-15.520296096801758,-15.520296096801758,-15.520296096801758,-0.46568238735198975,-16.436054229736328,-15.520296096801758,-15.520296096801758,-15.520296096801758,-15.520296096801758,-15.520296096801758,-15.520296096801758,-15.520296096801758,-15.520296096801758,-15.520296096801758,-15.520296096801758,-15.520296096801758,-15.520296096801758,-15.520296096801758,-15.520296096801758,-15.520296096801758,-15.520296096801758,-15.520296096801758,-15.520296096801758,-15.520296096801758,-15.520296096801758,-15.520296096801758,-15.520296096801758,-15.520296096801758,-inf,-inf,-inf,-inf,-inf,-inf,-inf,-inf,-inf,-inf,-inf,-inf,-inf,-inf,-inf,-inf,-inf,-inf,-inf,-inf,-15.520296096801758,-21.695472717285156,-14.342744827270508,-12.223162651062012,-10.749711990356445,-17.152873992919922,-15.203287124633789,-11.61320686340332,-11.959484100341797,-10.485392570495605,-27.471925735473633,-27.471925735473633,-27.471925735473633,-27.471925735473633,-27.471925735473633,-27.471925735473633,-27.471925735473633,-27.471925735473633,-27.471925735473633,-27.471925735473633,-27.471925735473633,-27.471925735473633,-27.471925735473633,-27.457487106323242,-27.471925735473633,-27.471925735473633,-27.471925735473633,-27.471925735473633,-27.471925735473633,-26.14250373840332,-27.471925735473633,-27.471925735473633,-27.471925735473633,-27.471925735473633,-27.471925735473633,-27.471925735473633,-27.471925735473633,-27.471925735473633,-27.471925735473633,-27.471925735473633,-27.471925735473633,-27.471925735473633,-28.16682243347168,-27.471925735473633,-27.471925735473633,-27.471925735473633,-27.471925735473633,-27.471925735473633,-27.471925735473633,-27.471925735473633,-27.471925735473633,-27.471925735473633,-27.471925735473633,-27.471925735473633,-27.471925735473633,-27.471925735473633,-27.471925735473633,-27.471925735473633,-27.471925735473633,-27.471925735473633,-27.471925735473633,-27.471925735473633,-27.471925735473633,-27.471925735473633,-20.822675704956055,-27.471925735473633,-28.175844192504883,-27.471925735473633,-27.471925735473633,-27.471925735473633,-27.471925735473633,-27.471925735473633,-27.471925735473633,-27.471925735473633,-27.471925735473633,-27.471925735473633,-27.471925735473633,-27.471925735473633,-27.471925735473633,-27.471925735473633,-26.245777130126953,-27.471925735473633,-27.471925735473633,-27.471925735473633,-27.471925735473633,-27.471925735473633,-27.471925735473633,-27.471925735473633,-27.471925735473633,-27.471925735473633,-27.471925735473633,-27.471925735473633,-27.471925735473633,-27.471925735473633,-27.471925735473633,-27.471925735473633,-27.471925735473633,-27.471925735473633,-27.471925735473633,-27.471925735473633,-27.471925735473633,-27.471925735473633,-27.471925735473633,-27.471925735473633,-27.471925735473633,-27.471925735473633,-27.471925735473633,-27.471925735473633,-27.471925735473633,-27.471925735473633,-27.471925735473633,-27.471925735473633,-27.471925735473633,-27.471925735473633,-27.471925735473633,-27.471925735473633,-27.471925735473633,-27.471925735473633,-27.471925735473633,-27.471925735473633,-27.471925735473633,-27.471925735473633,-27.471925735473633,-27.291549682617188,-27.471925735473633,-27.471925735473633,-27.471925735473633,-27.471925735473633,-27.471925735473633,-27.471925735473633,-27.471925735473633,-27.471925735473633,-27.471925735473633,-27.471925735473633,-27.471925735473633,-27.471925735473633,-27.471925735473633,-27.471925735473633,-27.471925735473633,-27.471925735473633,-27.471925735473633,-27.471925735473633,-28.372011184692383,-27.471925735473633,-27.471925735473633,-27.471925735473633,-27.471925735473633,-27.146060943603516,-10.043603897094727,-27.471925735473633,-27.471925735473633,-27.471925735473633,-27.471925735473633,-27.471925735473633,-27.471925735473633,-27.471925735473633,-27.471925735473633,-27.471925735473633,-27.471925735473633,-27.471925735473633,-27.471925735473633,-27.471925735473633,-27.471925735473633,-27.471925735473633,-27.471925735473633,-27.471925735473633,-27.471925735473633,-27.471925735473633,-27.471925735473633,-27.471925735473633,-27.471925735473633,-27.471925735473633,-inf,-inf,-inf,-inf,-inf,-inf,-inf,-inf,-inf,-inf,-inf,-inf,-inf,-inf,-inf,-inf,-inf,-inf,-inf,-inf,-4.351044481154531e-05,-30.45136070251465,-21.782020568847656,-21.782020568847656,-21.782020568847656,-21.782020568847656,-21.782020568847656,-21.782020568847656,-21.782020568847656,-21.782020568847656,-21.782020568847656,-21.782020568847656,-21.782020568847656,-21.782020568847656,-21.782020568847656,-22.031143188476562,-21.782020568847656,-21.782020568847656,-21.782020568847656,-21.782020568847656,-21.782020568847656,-5.018585216021165e-05,-21.782020568847656,-21.782020568847656,-21.782020568847656,-21.782020568847656,-21.782020568847656,-21.782020568847656,-21.782020568847656,-21.782020568847656,-21.782020568847656,-21.782020568847656,-21.782020568847656,-21.782020568847656,-21.792972564697266,-21.782020568847656,-21.782020568847656,-21.782020568847656,-21.782020568847656,-21.782020568847656,-21.782020568847656,-21.782020568847656,-21.782020568847656,-21.782020568847656,-21.782020568847656,-21.782020568847656,-21.782020568847656,-21.782020568847656,-21.782020568847656,-21.782020568847656,-21.782020568847656,-21.782020568847656,-21.782020568847656,-21.782020568847656,-21.782020568847656,-21.782020568847656,-21.814172744750977,-21.782020568847656,-21.68343162536621,-21.782020568847656,-21.782020568847656,-21.782020568847656,-21.782020568847656,-21.782020568847656,-21.782020568847656,-21.782020568847656,-21.782020568847656,-21.782020568847656,-21.782020568847656,-21.782020568847656,-21.782020568847656,-21.782020568847656,-20.62133026123047,-21.782020568847656,-21.782020568847656,-21.782020568847656,-21.782020568847656,-21.782020568847656,-21.782020568847656,-21.782020568847656,-21.782020568847656,-21.782020568847656,-21.782020568847656,-21.782020568847656,-21.782020568847656,-21.782020568847656,-21.782020568847656,-21.782020568847656,-21.782020568847656,-21.782020568847656,-21.782020568847656,-21.782020568847656,-21.782020568847656,-21.782020568847656,-21.782020568847656,-21.782020568847656,-21.782020568847656,-21.782020568847656,-21.782020568847656,-21.782020568847656,-21.782020568847656,-21.782020568847656,-21.782020568847656,-21.782020568847656,-21.782020568847656,-21.782020568847656,-21.782020568847656,-21.782020568847656,-21.782020568847656,-21.782020568847656,-21.782020568847656,-21.782020568847656,-21.782020568847656,-21.782020568847656,-21.782020568847656,-11.207262992858887,-21.782020568847656,-21.782020568847656,-21.782020568847656,-21.782020568847656,-21.782020568847656,-21.782020568847656,-21.782020568847656,-21.782020568847656,-21.782020568847656,-21.782020568847656,-21.782020568847656,-21.782020568847656,-21.782020568847656,-21.782020568847656,-21.782020568847656,-21.782020568847656,-21.782020568847656,-21.782020568847656,-21.96857261657715,-21.782020568847656,-21.782020568847656,-21.782020568847656,-21.782020568847656,-22.009889602661133,-22.65156364440918,-21.782020568847656,-21.782020568847656,-21.782020568847656,-21.782020568847656,-21.782020568847656,-21.782020568847656,-21.782020568847656,-21.782020568847656,-21.782020568847656,-21.782020568847656,-21.782020568847656,-21.782020568847656,-21.782020568847656,-21.782020568847656,-21.782020568847656,-21.782020568847656,-21.782020568847656,-21.782020568847656,-21.782020568847656,-21.782020568847656,-21.782020568847656,-21.782020568847656,-21.782020568847656,-inf,-inf,-inf,-inf,-inf,-inf,-inf,-inf,-inf,-inf,-inf,-inf,-inf,-inf,-inf,-inf,-inf,-inf,-inf,-inf,-10.21545696258545,-23.838180541992188
10,-18.507591247558594,-18.507591247558594,-18.507591247558594,-18.507591247558594,-18.507591247558594,-18.507591247558594,-18.507591247558594,-18.507591247558594,-18.507591247558594,-18.507591247558594,-18.507591247558594,-18.507591247558594,-18.507591247558594,-8.7656831741333,-18.507591247558594,-18.507591247558594,-18.507591247558594,-18.507591247558594,-18.507591247558594,-24.316085815429688,-18.507591247558594,-18.507591247558594,-18.507591247558594,-18.507591247558594,-18.507591247558594,-18.507591247558594,-18.507591247558594,-18.507591247558594,-18.507591247558594,-18.507591247558594,-18.507591247558594,-18.507591247558594,-18.8566837310791,-18.507591247558594,-18.507591247558594,-18.507591247558594,-18.507591247558594,-18.507591247558594,-18.507591247558594,-18.507591247558594,-18.507591247558594,-18.507591247558594,-18.507591247558594,-18.507591247558594,-18.507591247558594,-18.507591247558594,-18.507591247558594,-18.507591247558594,-18.507591247558594,-18.507591247558594,-18.507591247558594,-18.507591247558594,-18.507591247558594,-18.507591247558594,-18.963979721069336,-18.507591247558594,-8.332280158996582,-18.507591247558594,-18.507591247558594,-18.507591247558594,-18.507591247558594,-18.507591247558594,-18.507591247558594,-18.507591247558594,-18.507591247558594,-18.507591247558594,-18.507591247558594,-18.507591247558594,-18.507591247558594,-18.507591247558594,-5.661643028259277,-18.507591247558594,-18.507591247558594,-18.507591247558594,-18.507591247558594,-18.507591247558594,-18.507591247558594,-18.507591247558594,-18.507591247558594,-18.507591247558594,-18.507591247558594,-18.507591247558594,-18.507591247558594,-18.507591247558594,-18.507591247558594,-18.507591247558594,-18.507591247558594,-18.507591247558594,-18.507591247558594,-18.507591247558594,-18.507591247558594,-18.507591247558594,-18.507591247558594,-18.507591247558594,-18.507591247558594,-18.507591247558594,-18.507591247558594,-18.507591247558594,-18.507591247558594,-18.507591247558594,-18.507591247558594,-18.507591247558594,-18.507591247558594,-18.507591247558594,-18.507591247558594,-18.507591247558594,-18.507591247558594,-18.507591247558594,-18.507591247558594,-18.507591247558594,-18.507591247558594,-18.507591247558594,-18.507591247558594,-0.007534893695265055,-18.507591247558594,-18.507591247558594,-18.507591247558594,-18.507591247558594,-18.507591247558594,-18.507591247558594,-18.507591247558594,-18.507591247558594,-18.507591247558594,-18.507591247558594,-18.507591247558594,-18.507591247558594,-18.507591247558594,-18.507591247558594,-18.507591247558594,-18.507591247558594,-18.507591247558594,-18.507591247558594,-13.075155258178711,-18.507591247558594,-18.507591247558594,-18.507591247558594,-18.507591247558594,-5.618626594543457,-19.477331161499023,-18.507591247558594,-18.507591247558594,-18.507591247558594,-18.507591247558594,-18.507591247558594,-18.507591247558594,-18.507591247558594,-18.507591247558594,-18.507591247558594,-18.507591247558594,-18.507591247558594,-18.507591247558594,-18.507591247558594,-18.507591247558594,-18.507591247558594,-18.507591247558594,-18.507591247558594,-18.507591247558594,-18.507591247558594,-18.507591247558594,-18.507591247558594,-18.507591247558594,-18.507591247558594,-inf,-inf,-inf,-inf,-inf,-inf,-inf,-inf,-inf,-inf,-inf,-inf,-inf,-inf,-inf,-inf,-inf,-inf,-inf,-inf,-18.507591247558594,-25.39826774597168,-18.34402847290039,-7.467928886413574,-9.69925594329834,-14.6935453414917,-14.779675483703613,-10.403371810913086,-13.573097229003906,-9.859101295471191,-21.19447135925293,-21.19447135925293,-21.19447135925293,-21.19447135925293,-21.19447135925293,-21.19447135925293,-21.19447135925293,-21.19447135925293,-21.19447135925293,-21.19447135925293,-21.19447135925293,-21.19447135925293,-21.19447135925293,-21.096452713012695,-21.19447135925293,-21.19447135925293,-21.19447135925293,-21.19447135925293,-21.19447135925293,-19.935562133789062,-21.19447135925293,-21.19447135925293,-21.19447135925293,-21.19447135925293,-21.19447135925293,-21.19447135925293,-21.19447135925293,-21.19447135925293,-21.19447135925293,-21.19447135925293,-21.19447135925293,-21.19447135925293,-21.570697784423828,-21.19447135925293,-21.19447135925293,-21.19447135925293,-21.19447135925293,-21.19447135925293,-21.19447135925293,-21.19447135925293,-21.19447135925293,-21.19447135925293,-21.19447135925293,-21.19447135925293,-21.19447135925293,-21.19447135925293,-21.19447135925293,-21.19447135925293,-21.19447135925293,-21.19447135925293,-21.19447135925293,-21.19447135925293,-21.19447135925293,-21.19447135925293,-10.918663024902344,-21.19447135925293,-21.63846206665039,-21.19447135925293,-21.19447135925293,-21.19447135925293,-21.19447135925293,-21.19447135925293,-21.19447135925293,-21.19447135925293,-21.19447135925293,-21.19447135925293,-21.19447135925293,-21.19447135925293,-21.19447135925293,-21.19447135925293,-19.805871963500977,-21.19447135925293,-21.19447135925293,-21.19447135925293,-21.19447135925293,-21.19447135925293,-21.19447135925293,-21.19447135925293,-21.19447135925293,-21.19447135925293,-21.19447135925293,-21.19447135925293,-21.19447135925293,-21.19447135925293,-21.19447135925293,-21.19447135925293,-21.19447135925293,-21.19447135925293,-21.19447135925293,-21.19447135925293,-21.19447135925293,-21.19447135925293,-21.19447135925293,-21.19447135925293,-21.19447135925293,-21.19447135925293,-21.19447135925293,-21.19447135925293,-21.19447135925293,-21.19447135925293,-21.19447135925293,-21.19447135925293,-21.19447135925293,-21.19447135925293,-21.19447135925293,-21.19447135925293,-21.19447135925293,-21.19447135925293,-21.19447135925293,-21.19447135925293,-21.19447135925293,-21.19447135925293,-21.19447135925293,-21.065004348754883,-21.19447135925293,-21.19447135925293,-21.19447135925293,-21.19447135925293,-21.19447135925293,-21.19447135925293,-21.19447135925293,-21.19447135925293,-21.19447135925293,-21.19447135925293,-21.19447135925293,-21.19447135925293,-21.19447135925293,-21.19447135925293,-21.19447135925293,-21.19447135925293,-21.19447135925293,-21.19447135925293,-21.866111755371094,-21.19447135925293,-21.19447135925293,-21.19447135925293,-21.19447135925293,-21.03895378112793,-0.0017923733685165644,-21.19447135925293,-21.19447135925293,-21.19447135925293,-21.19447135925293,-21.19447135925293,-21.19447135925293,-21.19447135925293,-21.19447135925293,-21.19447135925293,-21.19447135925293,-21.19447135925293,-21.19447135925293,-21.19447135925293,-21.19447135925293,-21.19447135925293,-21.19447135925293,-21.19447135925293,-21.19447135925293,-21.19447135925293,-21.19447135925293,-21.19447135925293,-21.19447135925293,-21.19447135925293,-inf,-inf,-inf,-inf,-inf,-inf,-inf,-inf,-inf,-inf,-inf,-inf,-inf,-inf,-inf,-inf,-inf,-inf,-inf,-inf,-6.335294246673584,-26.001115798950195,-19.950023651123047,-19.950023651123047,-19.950023651123047,-19.950023651123047,-19.950023651123047,-19.950023651123047,-19.950023651123047,-19.950023651123047,-19.950023651123047,-19.950023651123047,-19.950023651123047,-19.950023651123047,-19.950023651123047,-20.181724548339844,-19.950023651123047,-19.950023651123047,-19.950023651123047,-19.950023651123047,-19.950023651123047,-5.904334545135498,-19.950023651123047,-19.950023651123047,-19.950023651123047,-19.950023651123047,-19.950023651123047,-19.950023651123047,-19.950023651123047,-19.950023651123047,-19.950023651123047,-19.950023651123047,-19.950023651123047,-19.950023651123047,-19.954727172851562,-19.950023651123047,-19.950023651123047,-19.950023651123047,-19.950023651123047,-19.950023651123047,-19.950023651123047,-19.950023651123047,-19.950023651123047,-19.950023651123047,-19.950023651123047,-19.950023651123047,-19.950023651123047,-19.950023651123047,-19.950023651123047,-19.950023651123047,-19.950023651123047,-19.950023651123047,-19.950023651123047,-19.950023651123047,-19.950023651123047,-19.950023651123047,-19.8856258392334,-19.950023651123047,-19.931859970092773,-19.950023651123047,-19.950023651123047,-19.950023651123047,-19.950023651123047,-19.950023651123047,-19.950023651123047,-19.950023651123047,-19.950023651123047,-19.950023651123047,-19.950023651123047,-19.950023651123047,-19.950023651123047,-19.950023651123047,-18.899559020996094,-19.950023651123047,-19.950023651123047,-19.950023651123047,-19.950023651123047,-19.950023651123047,-19.950023651123047,-19.950023651123047,-19.950023651123047,-19.950023651123047,-19.950023651123047,-19.950023651123047,-19.950023651123047,-19.950023651123047,-19.950023651123047,-19.950023651123047,-19.950023651123047,-19.950023651123047,-19.950023651123047,-19.950023651123047,-19.950023651123047,-19.950023651123047,-19.950023651123047,-19.950023651123047,-19.950023651123047,-19.950023651123047,-19.950023651123047,-19.950023651123047,-19.950023651123047,-19.950023651123047,-19.950023651123047,-19.950023651123047,-19.950023651123047,-19.950023651123047,-19.950023651123047,-19.950023651123047,-19.950023651123047,-19.950023651123047,-19.950023651123047,-19.950023651123047,-19.950023651123047,-19.950023651123047,-19.950023651123047,-6.466376781463623,-19.950023651123047,-19.950023651123047,-19.950023651123047,-19.950023651123047,-19.950023651123047,-19.950023651123047,-19.950023651123047,-19.950023651123047,-19.950023651123047,-19.950023651123047,-19.950023651123047,-19.950023651123047,-19.950023651123047,-19.950023651123047,-19.950023651123047,-19.950023651123047,-19.950023651123047,-19.950023651123047,-20.35540008544922,-19.950023651123047,-19.950023651123047,-19.950023651123047,-19.950023651123047,-19.89494514465332,-20.86210823059082,-19.950023651123047,-19.950023651123047,-19.950023651123047,-19.950023651123047,-19.950023651123047,-19.950023651123047,-19.950023651123047,-19.950023651123047,-19.950023651123047,-19.950023651123047,-19.950023651123047,-19.950023651123047,-19.950023651123047,-19.950023651123047,-19.950023651123047,-19.950023651123047,-19.950023651123047,-19.950023651123047,-19.950023651123047,-19.950023651123047,-19.950023651123047,-19.950023651123047,-19.950023651123047,-inf,-inf,-inf,-inf,-inf,-inf,-inf,-inf,-inf,-inf,-inf,-inf,-inf,-inf,-inf,-inf,-inf,-inf,-inf,-inf,-0.004291966557502747,-23.05944061279297
11,-14.912114143371582,-14.912114143371582,-14.912114143371582,-14.912114143371582,-14.912114143371582,-14.912114143371582,-14.912114143371582,-14.912114143371582,-14.912114143371582,-14.912114143371582,-14.912114143371582,-14.912114143371582,-14.912114143371582,-1.0406752824783325,-14.912114143371582,-14.912114143371582,-14.912114143371582,-14.912114143371582,-14.912114143371582,-17.730579376220703,-14.912114143371582,-14.912114143371582,-14.912114143371582,-14.912114143371582,-14.912114143371582,-14.912114143371582,-14.912114143371582,-14.912114143371582,-14.912114143371582,-14.912114143371582,-14.912114143371582,-14.912114143371582,-11.890707969665527,-14.912114143371582,-14.912114143371582,-14.912114143371582,-14.912114143371582,-14.912114143371582,-14.912114143371582,-14.912114143371582,-14.912114143371582,-14.912114143371582,-14.912114143371582,-14.912114143371582,-14.912114143371582,-14.912114143371582,-14.912114143371582,-14.912114143371582,-14.912114143371582,-14.912114143371582,-14.912114143371582,-14.912114143371582,-14.912114143371582,-14.912114143371582,-15.515106201171875,-14.912114143371582,-6.273374557495117,-14.912114143371582,-14.912114143371582,-14.912114143371582,-14.912114143371582,-14.912114143371582,-14.912114143371582,-14.912114143371582,-14.912114143371582,-14.912114143371582,-14.912114143371582,-14.912114143371582,-14.912114143371582,-14.912114143371582,-1.2068740129470825,-14.912114143371582,-14.912114143371582,-14.912114143371582,-14.912114143371582,-14.912114143371582,-14.912114143371582,-14.912114143371582,-14.912114143371582,-14.912114143371582,-14.912114143371582,-14.912114143371582,-14.912114143371582,-14.912114143371582,-14.912114143371582,-14.912114143371582,-14.912114143371582,-14.912114143371582,-14.912114143371582,-14.912114143371582,-14.912114143371582,-14.912114143371582,-14.912114143371582,-14.912114143371582,-14.912114143371582,-14.912114143371582,-14.912114143371582,-14.912114143371582,-14.912114143371582,-14.912114143371582,-14.912114143371582,-14.912114143371582,-14.912114143371582,-14.912114143371582,-14.912114143371582,-14.912114143371582,-14.912114143371582,-14.912114143371582,-14.912114143371582,-14.912114143371582,-14.912114143371582,-14.912114143371582,-14.912114143371582,-5.542136192321777,-14.912114143371582,-14.912114143371582,-14.912114143371582,-14.912114143371582,-14.912114143371582,-14.912114143371582,-14.912114143371582,-14.912114143371582,-14.912114143371582,-14.912114143371582,-14.912114143371582,-14.912114143371582,-14.912114143371582,-14.912114143371582,-14.912114143371582,-14.912114143371582,-14.912114143371582,-14.912114143371582,-9.4785737991333,-14.912114143371582,-14.912114143371582,-14.912114143371582,-14.912114143371582,-1.0738002061843872,-15.895891189575195,-14.912114143371582,-14.912114143371582,-14.912114143371582,-14.912114143371582,-14.912114143371582,-14.912114143371582,-14.912114143371582,-14.912114143371582,-14.912114143371582,-14.912114143371582,-14.912114143371582,-14.912114143371582,-14.912114143371582,-14.912114143371582,-14.912114143371582,-14.912114143371582,-14.912114143371582,-14.912114143371582,-14.912114143371582,-14.912114143371582,-14.912114143371582,-14.912114143371582,-14.912114143371582,-inf,-inf,-inf,-inf,-inf,-inf,-inf,-inf,-inf,-inf,-inf,-inf,-inf,-inf,-inf,-inf,-inf,-inf,-inf,-inf,-14.912114143371582,-19.008739471435547,-22.182174682617188,-10.511630058288574,-10.308303833007812,-12.332509994506836,-15.057914733886719,-10.031009674072266,-11.102725982666016,-10.966614723205566,-22.003459930419922,-22.003459930419922,-22.003459930419922,-22.003459930419922,-22.003459930419922,-22.003459930419922,-22.003459930419922,-22.003459930419922,-22.003459930419922,-22.003459930419922,-22.003459930419922,-22.003459930419922,-22.003459930419922,-21.906063079833984,-22.003459930419922,-22.003459930419922,-22.003459930419922,-22.003459930419922,-22.003459930419922,-20.325727462768555,-22.003459930419922,-22.003459930419922,-22.003459930419922,-22.003459930419922,-22.003459930419922,-22.003459930419922,-22.003459930419922,-22.003459930419922,-22.003459930419922,-22.003459930419922,-22.003459930419922,-22.003459930419922,-22.284828186035156,-22.003459930419922,-22.003459930419922,-22.003459930419922,-22.003459930419922,-22.003459930419922,-22.003459930419922,-22.003459930419922,-22.003459930419922,-22.003459930419922,-22.003459930419922,-22.003459930419922,-22.003459930419922,-22.003459930419922,-22.003459930419922,-22.003459930419922,-22.003459930419922,-22.003459930419922,-22.003459930419922,-22.003459930419922,-22.003459930419922,-22.003459930419922,-11.211669921875,-22.003459930419922,-22.43667984008789,-22.003459930419922,-22.003459930419922,-22.003459930419922,-22.003459930419922,-22.003459930419922,-22.003459930419922,-22.003459930419922,-22.003459930419922,-22.003459930419922,-22.003459930419922,-22.003459930419922,-22.003459930419922,-22.003459930419922,-21.048921585083008,-22.003459930419922,-22.003459930419922,-22.003459930419922,-22.003459930419922,-22.003459930419922,-22.003459930419922,-22.003459930419922,-22.003459930419922,-22.003459930419922,-22.003459930419922,-22.003459930419922,-22.003459930419922,-22.003459930419922,-22.003459930419922,-22.003459930419922,-22.003459930419922,-22.003459930419922,-22.003459930419922,-22.003459930419922,-22.003459930419922,-22.003459930419922,-22.003459930419922,-22.003459930419922,-22.003459930419922,-22.003459930419922,-22.003459930419922,-22.003459930419922,-22.003459930419922,-22.003459930419922,-22.003459930419922,-22.003459930419922,-22.003459930419922,-22.003459930419922,-22.003459930419922,-22.003459930419922,-22.003459930419922,-22.003459930419922,-22.003459930419922,-22.003459930419922,-22.003459930419922,-22.003459930419922,-22.003459930419922,-21.981678009033203,-22.003459930419922,-22.003459930419922,-22.003459930419922,-22.003459930419922,-22.003459930419922,-22.003459930419922,-22.003459930419922,-22.003459930419922,-22.003459930419922,-22.003459930419922,-22.003459930419922,-22.003459930419922,-22.003459930419922,-22.003459930419922,-22.003459930419922,-22.003459930419922,-22.003459930419922,-22.003459930419922,-22.71428680419922,-22.003459930419922,-22.003459930419922,-22.003459930419922,-22.003459930419922,-22.325769424438477,-7.055387496948242,-22.003459930419922,-22.003459930419922,-22.003459930419922,-22.003459930419922,-22.003459930419922,-22.003459930419922,-22.003459930419922,-22.003459930419922,-22.003459930419922,-22.003459930419922,-22.003459930419922,-22.003459930419922,-22.003459930419922,-22.003459930419922,-22.003459930419922,-22.003459930419922,-22.003459930419922,-22.003459930419922,-22.003459930419922,-22.003459930419922,-22.003459930419922,-22.003459930419922,-22.003459930419922,-inf,-inf,-inf,-inf,-inf,-inf,-inf,-inf,-inf,-inf,-inf,-inf,-inf,-inf,-inf,-inf,-inf,-inf,-inf,-inf,-0.000876638398040086,-23.533214569091797,-21.52815055847168,-21.52815055847168,-21.52815055847168,-21.52815055847168,-21.52815055847168,-21.52815055847168,-21.52815055847168,-21.52815055847168,-21.52815055847168,-21.52815055847168,-21.52815055847168,-21.52815055847168,-21.52815055847168,-21.74558448791504,-21.52815055847168,-21.52815055847168,-21.52815055847168,-21.52815055847168,-21.52815055847168,-6.2938642501831055,-21.52815055847168,-21.52815055847168,-21.52815055847168,-21.52815055847168,-21.52815055847168,-21.52815055847168,-21.52815055847168,-21.52815055847168,-21.52815055847168,-21.52815055847168,-21.52815055847168,-21.52815055847168,-21.538097381591797,-21.52815055847168,-21.52815055847168,-21.52815055847168,-21.52815055847168,-21.52815055847168,-21.52815055847168,-21.52815055847168,-21.52815055847168,-21.52815055847168,-21.52815055847168,-21.52815055847168,-21.52815055847168,-21.52815055847168,-21.52815055847168,-21.52815055847168,-21.52815055847168,-21.52815055847168,-21.52815055847168,-21.52815055847168,-21.52815055847168,-21.52815055847168,-21.388578414916992,-21.52815055847168,-21.197938919067383,-21.52815055847168,-21.52815055847168,-21.52815055847168,-21.52815055847168,-21.52815055847168,-21.52815055847168,-21.52815055847168,-21.52815055847168,-21.52815055847168,-21.52815055847168,-21.52815055847168,-21.52815055847168,-21.52815055847168,-20.899106979370117,-21.52815055847168,-21.52815055847168,-21.52815055847168,-21.52815055847168,-21.52815055847168,-21.52815055847168,-21.52815055847168,-21.52815055847168,-21.52815055847168,-21.52815055847168,-21.52815055847168,-21.52815055847168,-21.52815055847168,-21.52815055847168,-21.52815055847168,-21.52815055847168,-21.52815055847168,-21.52815055847168,-21.52815055847168,-21.52815055847168,-21.52815055847168,-21.52815055847168,-21.52815055847168,-21.52815055847168,-21.52815055847168,-21.52815055847168,-21.52815055847168,-21.52815055847168,-21.52815055847168,-21.52815055847168,-21.52815055847168,-21.52815055847168,-21.52815055847168,-21.52815055847168,-21.52815055847168,-21.52815055847168,-21.52815055847168,-21.52815055847168,-21.52815055847168,-21.52815055847168,-21.52815055847168,-21.52815055847168,-0.002678142860531807,-21.52815055847168,-21.52815055847168,-21.52815055847168,-21.52815055847168,-21.52815055847168,-21.52815055847168,-21.52815055847168,-21.52815055847168,-21.52815055847168,-21.52815055847168,-21.52815055847168,-21.52815055847168,-21.52815055847168,-21.52815055847168,-21.52815055847168,-21.52815055847168,-21.52815055847168,-21.52815055847168,-21.846036911010742,-21.52815055847168,-21.52815055847168,-21.52815055847168,-21.52815055847168,-21.096994400024414,-22.002431869506836,-21.52815055847168,-21.52815055847168,-21.52815055847168,-21.52815055847168,-21.52815055847168,-21.52815055847168,-21.52815055847168,-21.52815055847168,-21.52815055847168,-21.52815055847168,-21.52815055847168,-21.52815055847168,-21.52815055847168,-21.52815055847168,-21.52815055847168,-21.52815055847168,-21.52815055847168,-21.52815055847168,-21.52815055847168,-21.52815055847168,-21.52815055847168,-21.52815055847168,-21.52815055847168,-inf,-inf,-inf,-inf,-inf,-inf,-inf,-inf,-inf,-inf,-inf,-inf,-inf,-inf,-inf,-inf,-inf,-inf,-inf,-inf,-7.097962379455566,-21.91564178466797
12,-15.842729568481445,-15.842729568481445,-15.842729568481445,-15.842729568481445,-15.842729568481445,-15.842729568481445,-15.842729568481445,-15.842729568481445,-15.842729568481445,-15.842729568481445,-15.842729568481445,-15.842729568481445,-15.842729568481445,-0.7270053625106812,-15.842729568481445,-15.842729568481445,-15.842729568481445,-15.842729568481445,-15.842729568481445,-16.981708526611328,-15.842729568481445,-15.842729568481445,-15.842729568481445,-15.842729568481445,-15.842729568481445,-15.842729568481445,-15.842729568481445,-15.842729568481445,-15.842729568481445,-15.842729568481445,-15.842729568481445,-15.842729568481445,-11.62315845489502,-15.842729568481445,-15.842729568481445,-15.842729568481445,-15.842729568481445,-15.842729568481445,-15.842729568481445,-15.842729568481445,-15.842729568481445,-15.842729568481445,-15.842729568481445,-15.842729568481445,-15.842729568481445,-15.842729568481445,-15.842729568481445,-15.842729568481445,-15.842729568481445,-15.842729568481445,-15.842729568481445,-15.842729568481445,-15.842729568481445,-15.842729568481445,-16.747299194335938,-15.842729568481445,-7.7142510414123535,-15.842729568481445,-15.842729568481445,-15.842729568481445,-15.842729568481445,-15.842729568481445,-15.842729568481445,-15.842729568481445,-15.842729568481445,-15.842729568481445,-15.842729568481445,-15.842729568481445,-15.842729568481445,-15.842729568481445,-1.8023837804794312,-15.842729568481445,-15.842729568481445,-15.842729568481445,-15.842729568481445,-15.842729568481445,-15.842729568481445,-15.842729568481445,-15.842729568481445,-15.842729568481445,-15.842729568481445,-15.842729568481445,-15.842729568481445,-15.842729568481445,-15.842729568481445,-15.842729568481445,-15.842729568481445,-15.842729568481445,-15.842729568481445,-15.842729568481445,-15.842729568481445,-15.842729568481445,-15.842729568481445,-15.842729568481445,-15.842729568481445,-15.842729568481445,-15.842729568481445,-15.842729568481445,-15.842729568481445,-15.842729568481445,-15.842729568481445,-15.842729568481445,-15.842729568481445,-15.842729568481445,-15.842729568481445,-15.842729568481445,-15.842729568481445,-15.842729568481445,-15.842729568481445,-15.842729568481445,-15.842729568481445,-15.842729568481445,-15.842729568481445,-9.159673690795898,-15.842729568481445,-15.842729568481445,-15.842729568481445,-15.842729568481445,-15.842729568481445,-15.842729568481445,-15.842729568481445,-15.842729568481445,-15.842729568481445,-15.842729568481445,-15.842729568481445,-15.842729568481445,-15.842729568481445,-15.842729568481445,-15.842729568481445,-15.842729568481445,-15.842729568481445,-15.842729568481445,-9.393617630004883,-15.842729568481445,-15.842729568481445,-15.842729568481445,-15.842729568481445,-1.046759009361267,-16.82476806640625,-15.842729568481445,-15.842729568481445,-15.842729568481445,-15.842729568481445,-15.842729568481445,-15.842729568481445,-15.842729568481445,-15.842729568481445,-15.842729568481445,-15.842729568481445,-15.842729568481445,-15.842729568481445,-15.842729568481445,-15.842729568481445,-15.842729568481445,-15.842729568481445,-15.842729568481445,-15.842729568481445,-15.842729568481445,-15.842729568481445,-15.842729568481445,-15.842729568481445,-15.842729568481445,-inf,-inf,-inf,-inf,-inf,-inf,-inf,-inf,-inf,-inf,-inf,-inf,-inf,-inf,-inf,-inf,-inf,-inf,-inf,-inf,-15.842729568481445,-19.013582229614258,-23.53354263305664,-10.933823585510254,-11.036584854125977,-10.692736625671387,-15.673849105834961,-11.500554084777832,-10.089973449707031,-12.168543815612793,-22.167787551879883,-22.167787551879883,-22.167787551879883,-22.167787551879883,-22.167787551879883,-22.167787551879883,-22.167787551879883,-22.167787551879883,-22.167787551879883,-22.167787551879883,-22.167787551879883,-22.167787551879883,-22.167787551879883,-22.062620162963867,-22.167787551879883,-22.167787551879883,-22.167787551879883,-22.167787551879883,-22.167787551879883,-19.457853317260742,-22.167787551879883,-22.167787551879883,-22.167787551879883,-22.167787551879883,-22.167787551879883,-22.167787551879883,-22.167787551879883,-22.167787551879883,-22.167787551879883,-22.167787551879883,-22.167787551879883,-22.167787551879883,-22.655677795410156,-22.167787551879883,-22.167787551879883,-22.167787551879883,-22.167787551879883,-22.167787551879883,-22.167787551879883,-22.167787551879883,-22.167787551879883,-22.167787551879883,-22.167787551879883,-22.167787551879883,-22.167787551879883,-22.167787551879883,-22.167787551879883,-22.167787551879883,-22.167787551879883,-22.167787551879883,-22.167787551879883,-22.167787551879883,-22.167787551879883,-22.167787551879883,-13.67968463897705,-22.167787551879883,-22.547712326049805,-22.167787551879883,-22.167787551879883,-22.167787551879883,-22.167787551879883,-22.167787551879883,-22.167787551879883,-22.167787551879883,-22.167787551879883,-22.167787551879883,-22.167787551879883,-22.167787551879883,-22.167787551879883,-22.167787551879883,-21.479434967041016,-22.167787551879883,-22.167787551879883,-22.167787551879883,-22.167787551879883,-22.167787551879883,-22.167787551879883,-22.167787551879883,-22.167787551879883,-22.167787551879883,-22.167787551879883,-22.167787551879883,-22.167787551879883,-22.167787551879883,-22.167787551879883,-22.167787551879883,-22.167787551879883,-22.167787551879883,-22.167787551879883,-22.167787551879883,-22.167787551879883,-22.167787551879883,-22.167787551879883,-22.167787551879883,-22.167787551879883,-22.167787551879883,-22.167787551879883,-22.167787551879883,-22.167787551879883,-22.167787551879883,-22.167787551879883,-22.167787551879883,-22.167787551879883,-22.167787551879883,-22.167787551879883,-22.167787551879883,-22.167787551879883,-22.167787551879883,-22.167787551879883,-22.167787551879883,-22.167787551879883,-22.167787551879883,-22.167787551879883,-22.158071517944336,-22.167787551879883,-22.167787551879883,-22.167787551879883,-22.167787551879883,-22.167787551879883,-22.167787551879883,-22.167787551879883,-22.167787551879883,-22.167787551879883,-22.167787551879883,-22.167787551879883,-22.167787551879883,-22.167787551879883,-22.167787551879883,-22.167787551879883,-22.167787551879883,-22.167787551879883,-22.167787551879883,-23.018272399902344,-22.167787551879883,-22.167787551879883,-22.167787551879883,-22.167787551879883,-22.451099395751953,-8.41380500793457,-22.167787551879883,-22.167787551879883,-22.167787551879883,-22.167787551879883,-22.167787551879883,-22.167787551879883,-22.167787551879883,-22.167787551879883,-22.167787551879883,-22.167787551879883,-22.167787551879883,-22.167787551879883,-22.167787551879883,-22.167787551879883,-22.167787551879883,-22.167787551879883,-22.167787551879883,-22.167787551879883,-22.167787551879883,-22.167787551879883,-22.167787551879883,-22.167787551879883,-22.167787551879883,-inf,-inf,-inf,-inf,-inf,-inf,-inf,-inf,-inf,-inf,-inf,-inf,-inf,-inf,-inf,-inf,-inf,-inf,-inf,-inf,-0.00022301571152638644,-22.84272003173828,-23.768993377685547,-23.768993377685547,-23.768993377685547,-23.768993377685547,-23.768993377685547,-23.768993377685547,-23.768993377685547,-23.768993377685547,-23.768993377685547,-23.768993377685547,-23.768993377685547,-23.768993377685547,-23.768993377685547,-24.07489585876465,-23.768993377685547,-23.768993377685547,-23.768993377685547,-23.768993377685547,-23.768993377685547,-9.314966201782227,-23.768993377685547,-23.768993377685547,-23.768993377685547,-23.768993377685547,-23.768993377685547,-23.768993377685547,-23.768993377685547,-23.768993377685547,-23.768993377685547,-23.768993377685547,-23.768993377685547,-23.768993377685547,-23.729494094848633,-23.768993377685547,-23.768993377685547,-23.768993377685547,-23.768993377685547,-23.768993377685547,-23.768993377685547,-23.768993377685547,-23.768993377685547,-23.768993377685547,-23.768993377685547,-23.768993377685547,-23.768993377685547,-23.768993377685547,-23.768993377685547,-23.768993377685547,-23.768993377685547,-23.768993377685547,-23.768993377685547,-23.768993377685547,-23.768993377685547,-23.768993377685547,-23.66185760498047,-23.768993377685547,-23.238126754760742,-23.768993377685547,-23.768993377685547,-23.768993377685547,-23.768993377685547,-23.768993377685547,-23.768993377685547,-23.768993377685547,-23.768993377685547,-23.768993377685547,-23.768993377685547,-23.768993377685547,-23.768993377685547,-23.768993377685547,-23.504627227783203,-23.768993377685547,-23.768993377685547,-23.768993377685547,-23.768993377685547,-23.768993377685547,-23.768993377685547,-23.768993377685547,-23.768993377685547,-23.768993377685547,-23.768993377685547,-23.768993377685547,-23.768993377685547,-23.768993377685547,-23.768993377685547,-23.768993377685547,-23.768993377685547,-23.768993377685547,-23.768993377685547,-23.768993377685547,-23.768993377685547,-23.768993377685547,-23.768993377685547,-23.768993377685547,-23.768993377685547,-23.768993377685547,-23.768993377685547,-23.768993377685547,-23.768993377685547,-23.768993377685547,-23.768993377685547,-23.768993377685547,-23.768993377685547,-23.768993377685547,-23.768993377685547,-23.768993377685547,-23.768993377685547,-23.768993377685547,-23.768993377685547,-23.768993377685547,-23.768993377685547,-23.768993377685547,-23.768993377685547,-0.0002335037279408425,-23.768993377685547,-23.768993377685547,-23.768993377685547,-23.768993377685547,-23.768993377685547,-23.768993377685547,-23.768993377685547,-23.768993377685547,-23.768993377685547,-23.768993377685547,-23.768993377685547,-23.768993377685547,-23.768993377685547,-23.768993377685547,-23.768993377685547,-23.768993377685547,-23.768993377685547,-23.768993377685547,-24.03286361694336,-23.768993377685547,-23.768993377685547,-23.768993377685547,-23.768993377685547,-23.298330307006836,-24.30797576904297,-23.768993377685547,-23.768993377685547,-23.768993377685547,-23.768993377685547,-23.768993377685547,-23.768993377685547,-23.768993377685547,-23.768993377685547,-23.768993377685547,-23.768993377685547,-23.768993377685547,-23.768993377685547,-23.768993377685547,-23.768993377685547,-23.768993377685547,-23.768993377685547,-23.768993377685547,-23.768993377685547,-23.768993377685547,-23.768993377685547,-23.768993377685547,-23.768993377685547,-23.768993377685547,-inf,-inf,-inf,-inf,-inf,-inf,-inf,-inf,-inf,-inf,-inf,-inf,-inf,-inf,-inf,-inf,-inf,-inf,-inf,-inf,-8.85007095336914,-23.357215881347656
13,-15.906217575073242,-15.906217575073242,-15.906217575073242,-15.906217575073242,-15.906217575073242,-15.906217575073242,-15.906217575073242,-15.906217575073242,-15.906217575073242,-15.906217575073242,-15.906217575073242,-15.906217575073242,-15.906217575073242,-1.6110016107559204,-15.906217575073242,-15.906217575073242,-15.906217575073242,-15.906217575073242,-15.906217575073242,-15.297941207885742,-15.906217575073242,-15.906217575073242,-15.906217575073242,-15.906217575073242,-15.906217575073242,-15.906217575073242,-15.906217575073242,-15.906217575073242,-15.906217575073242,-15.906217575073242,-15.906217575073242,-15.906217575073242,-10.322935104370117,-15.906217575073242,-15.906217575073242,-15.906217575073242,-15.906217575073242,-15.906217575073242,-15.906217575073242,-15.906217575073242,-15.906217575073242,-15.906217575073242,-15.906217575073242,-15.906217575073242,-15.906217575073242,-15.906217575073242,-15.906217575073242,-15.906217575073242,-15.906217575073242,-15.906217575073242,-15.906217575073242,-15.906217575073242,-15.906217575073242,-15.906217575073242,-16.85659408569336,-15.906217575073242,-7.547974109649658,-15.906217575073242,-15.906217575073242,-15.906217575073242,-15.906217575073242,-15.906217575073242,-15.906217575073242,-15.906217575073242,-15.906217575073242,-15.906217575073242,-15.906217575073242,-15.906217575073242,-15.906217575073242,-15.906217575073242,-0.7056156396865845,-15.906217575073242,-15.906217575073242,-15.906217575073242,-15.906217575073242,-15.906217575073242,-15.906217575073242,-15.906217575073242,-15.906217575073242,-15.906217575073242,-15.906217575073242,-15.906217575073242,-15.906217575073242,-15.906217575073242,-15.906217575073242,-15.906217575073242,-15.906217575073242,-15.906217575073242,-15.906217575073242,-15.906217575073242,-15.906217575073242,-15.906217575073242,-15.906217575073242,-15.906217575073242,-15.906217575073242,-15.906217575073242,-15.906217575073242,-15.906217575073242,-15.906217575073242,-15.906217575073242,-15.906217575073242,-15.906217575073242,-15.906217575073242,-15.906217575073242,-15.906217575073242,-15.906217575073242,-15.906217575073242,-15.906217575073242,-15.906217575073242,-15.906217575073242,-15.906217575073242,-15.906217575073242,-15.906217575073242,-10.0134916305542,-15.906217575073242,-15.906217575073242,-15.906217575073242,-15.906217575073242,-15.906217575073242,-15.906217575073242,-15.906217575073242,-15.906217575073242,-15.906217575073242,-15.906217575073242,-15.906217575073242,-15.906217575073242,-15.906217575073242,-15.906217575073242,-15.906217575073242,-15.906217575073242,-15.906217575073242,-15.906217575073242,-8.92694091796875,-15.906217575073242,-15.906217575073242,-15.906217575073242,-15.906217575073242,-1.184991478919983,-16.785844802856445,-15.906217575073242,-15.906217575073242,-15.906217575073242,-15.906217575073242,-15.906217575073242,-15.906217575073242,-15.906217575073242,-15.906217575073242,-15.906217575073242,-15.906217575073242,-15.906217575073242,-15.906217575073242,-15.906217575073242,-15.906217575073242,-15.906217575073242,-15.906217575073242,-15.906217575073242,-15.906217575073242,-15.906217575073242,-15.906217575073242,-15.906217575073242,-15.906217575073242,-15.906217575073242,-inf,-inf,-inf,-inf,-inf,-inf,-inf,-inf,-inf,-inf,-inf,-inf,-inf,-inf,-inf,-inf,-inf,-inf,-inf,-inf,-15.906217575073242,-18.24987030029297,-26.140981674194336,-6.595596790313721,-10.4715576171875,-12.692434310913086,-16.06610870361328,-12.575927734375,-14.216398239135742,-13.256760597229004,-21.19721031188965,-21.19721031188965,-21.19721031188965,-21.19721031188965,-21.19721031188965,-21.19721031188965,-21.19721031188965,-21.19721031188965,-21.19721031188965,-21.19721031188965,-21.19721031188965,-21.19721031188965,-21.19721031188965,-21.07790184020996,-21.19721031188965,-21.19721031188965,-21.19721031188965,-21.19721031188965,-21.19721031188965,-16.721359252929688,-21.19721031188965,-21.19721031188965,-21.19721031188965,-21.19721031188965,-21.19721031188965,-21.19721031188965,-21.19721031188965,-21.19721031188965,-21.19721031188965,-21.19721031188965,-21.19721031188965,-21.19721031188965,-21.681690216064453,-21.19721031188965,-21.19721031188965,-21.19721031188965,-21.19721031188965,-21.19721031188965,-21.19721031188965,-21.19721031188965,-21.19721031188965,-21.19721031188965,-21.19721031188965,-21.19721031188965,-21.19721031188965,-21.19721031188965,-21.19721031188965,-21.19721031188965,-21.19721031188965,-21.19721031188965,-21.19721031188965,-21.19721031188965,-21.19721031188965,-21.19721031188965,-13.244963645935059,-21.19721031188965,-21.376941680908203,-21.19721031188965,-21.19721031188965,-21.19721031188965,-21.19721031188965,-21.19721031188965,-21.19721031188965,-21.19721031188965,-21.19721031188965,-21.19721031188965,-21.19721031188965,-21.19721031188965,-21.19721031188965,-21.19721031188965,-20.684070587158203,-21.19721031188965,-21.19721031188965,-21.19721031188965,-21.19721031188965,-21.19721031188965,-21.19721031188965,-21.19721031188965,-21.19721031188965,-21.19721031188965,-21.19721031188965,-21.19721031188965,-21.19721031188965,-21.19721031188965,-21.19721031188965,-21.19721031188965,-21.19721031188965,-21.19721031188965,-21.19721031188965,-21.19721031188965,-21.19721031188965,-21.19721031188965,-21.19721031188965,-21.19721031188965,-21.19721031188965,-21.19721031188965,-21.19721031188965,-21.19721031188965,-21.19721031188965,-21.19721031188965,-21.19721031188965,-21.19721031188965,-21.19721031188965,-21.19721031188965,-21.19721031188965,-21.19721031188965,-21.19721031188965,-21.19721031188965,-21.19721031188965,-21.19721031188965,-21.19721031188965,-21.19721031188965,-21.19721031188965,-20.983352661132812,-21.19721031188965,-21.19721031188965,-21.19721031188965,-21.19721031188965,-21.19721031188965,-21.19721031188965,-21.19721031188965,-21.19721031188965,-21.19721031188965,-21.19721031188965,-21.19721031188965,-21.19721031188965,-21.19721031188965,-21.19721031188965,-21.19721031188965,-21.19721031188965,-21.19721031188965,-21.19721031188965,-21.714120864868164,-21.19721031188965,-21.19721031188965,-21.19721031188965,-21.19721031188965,-21.58159065246582,-7.664834976196289,-21.19721031188965,-21.19721031188965,-21.19721031188965,-21.19721031188965,-21.19721031188965,-21.19721031188965,-21.19721031188965,-21.19721031188965,-21.19721031188965,-21.19721031188965,-21.19721031188965,-21.19721031188965,-21.19721031188965,-21.19721031188965,-21.19721031188965,-21.19721031188965,-21.19721031188965,-21.19721031188965,-21.19721031188965,-21.19721031188965,-21.19721031188965,-21.19721031188965,-21.19721031188965,-inf,-inf,-inf,-inf,-inf,-inf,-inf,-inf,-inf,-inf,-inf,-inf,-inf,-inf,-inf,-inf,-inf,-inf,-inf,-inf,-0.0004711233195848763,-20.624229431152344,-22.926347732543945,-22.926347732543945,-22.926347732543945,-22.926347732543945,-22.926347732543945,-22.926347732543945,-22.926347732543945,-22.926347732543945,-22.926347732543945,-22.926347732543945,-22.926347732543945,-22.926347732543945,-22.926347732543945,-22.997282028198242,-22.926347732543945,-22.926347732543945,-22.926347732543945,-22.926347732543945,-22.926347732543945,-9.179800987243652,-22.926347732543945,-22.926347732543945,-22.926347732543945,-22.926347732543945,-22.926347732543945,-22.926347732543945,-22.926347732543945,-22.926347732543945,-22.926347732543945,-22.926347732543945,-22.926347732543945,-22.926347732543945,-22.545509338378906,-22.926347732543945,-22.926347732543945,-22.926347732543945,-22.926347732543945,-22.926347732543945,-22.926347732543945,-22.926347732543945,-22.926347732543945,-22.926347732543945,-22.926347732543945,-22.926347732543945,-22.926347732543945,-22.926347732543945,-22.926347732543945,-22.926347732543945,-22.926347732543945,-22.926347732543945,-22.926347732543945,-22.926347732543945,-22.926347732543945,-22.926347732543945,-23.139163970947266,-22.926347732543945,-21.961793899536133,-22.926347732543945,-22.926347732543945,-22.926347732543945,-22.926347732543945,-22.926347732543945,-22.926347732543945,-22.926347732543945,-22.926347732543945,-22.926347732543945,-22.926347732543945,-22.926347732543945,-22.926347732543945,-22.926347732543945,-22.93039894104004,-22.926347732543945,-22.926347732543945,-22.926347732543945,-22.926347732543945,-22.926347732543945,-22.926347732543945,-22.926347732543945,-22.926347732543945,-22.926347732543945,-22.926347732543945,-22.926347732543945,-22.926347732543945,-22.926347732543945,-22.926347732543945,-22.926347732543945,-22.926347732543945,-22.926347732543945,-22.926347732543945,-22.926347732543945,-22.926347732543945,-22.926347732543945,-22.926347732543945,-22.926347732543945,-22.926347732543945,-22.926347732543945,-22.926347732543945,-22.926347732543945,-22.926347732543945,-22.926347732543945,-22.926347732543945,-22.926347732543945,-22.926347732543945,-22.926347732543945,-22.926347732543945,-22.926347732543945,-22.926347732543945,-22.926347732543945,-22.926347732543945,-22.926347732543945,-22.926347732543945,-22.926347732543945,-22.926347732543945,-0.0003480305604171008,-22.926347732543945,-22.926347732543945,-22.926347732543945,-22.926347732543945,-22.926347732543945,-22.926347732543945,-22.926347732543945,-22.926347732543945,-22.926347732543945,-22.926347732543945,-22.926347732543945,-22.926347732543945,-22.926347732543945,-22.926347732543945,-22.926347732543945,-22.926347732543945,-22.926347732543945,-22.926347732543945,-23.10417366027832,-22.926347732543945,-22.926347732543945,-22.926347732543945,-22.926347732543945,-22.732616424560547,-23.322385787963867,-22.926347732543945,-22.926347732543945,-22.926347732543945,-22.926347732543945,-22.926347732543945,-22.926347732543945,-22.926347732543945,-22.926347732543945,-22.926347732543945,-22.926347732543945,-22.926347732543945,-22.926347732543945,-22.926347732543945,-22.926347732543945,-22.926347732543945,-22.926347732543945,-22.926347732543945,-22.926347732543945,-22.926347732543945,-22.926347732543945,-22.926347732543945,-22.926347732543945,-22.926347732543945,-inf,-inf,-inf,-inf,-inf,-inf,-inf,-inf,-inf,-inf,-inf,-inf,-inf,-inf,-inf,-inf,-inf,-inf,-inf,-inf,-8.314865112304688,-21.016502380371094
14,-16.492616653442383,-16.492616653442383,-16.492616653442383,-16.492616653442383,-16.492616653442383,-16.492616653442383,-16.492616653442383,-16.492616653442383,-16.492616653442383,-16.492616653442383,-16.492616653442383,-16.492616653442383,-16.492616653442383,-0.0014411549782380462,-16.492616653442383,-16.492616653442383,-16.492616653442383,-16.492616653442383,-16.492616653442383,-15.24988842010498,-16.492616653442383,-16.492616653442383,-16.492616653442383,-16.492616653442383,-16.492616653442383,-16.492616653442383,-16.492616653442383,-16.492616653442383,-16.492616653442383,-16.492616653442383,-16.492616653442383,-16.492616653442383,-8.320920944213867,-16.492616653442383,-16.492616653442383,-16.492616653442383,-16.492616653442383,-16.492616653442383,-16.492616653442383,-16.492616653442383,-16.492616653442383,-16.492616653442383,-16.492616653442383,-16.492616653442383,-16.492616653442383,-16.492616653442383,-16.492616653442383,-16.492616653442383,-16.492616653442383,-16.492616653442383,-16.492616653442383,-16.492616653442383,-16.492616653442383,-16.492616653442383,-17.723268508911133,-16.492616653442383,-9.392661094665527,-16.492616653442383,-16.492616653442383,-16.492616653442383,-16.492616653442383,-16.492616653442383,-16.492616653442383,-16.492616653442383,-16.492616653442383,-16.492616653442383,-16.492616653442383,-16.492616653442383,-16.492616653442383,-16.492616653442383,-9.071181297302246,-16.492616653442383,-16.492616653442383,-16.492616653442383,-16.492616653442383,-16.492616653442383,-16.492616653442383,-16.492616653442383,-16.492616653442383,-16.492616653442383,-16.492616653442383,-16.492616653442383,-16.492616653442383,-16.492616653442383,-16.492616653442383,-16.492616653442383,-16.492616653442383,-16.492616653442383,-16.492616653442383,-16.492616653442383,-16.492616653442383,-16.492616653442383,-16.492616653442383,-16.492616653442383,-16.492616653442383,-16.492616653442383,-16.492616653442383,-16.492616653442383,-16.492616653442383,-16.492616653442383,-16.492616653442383,-16.492616653442383,-16.492616653442383,-16.492616653442383,-16.492616653442383,-16.492616653442383,-16.492616653442383,-16.492616653442383,-16.492616653442383,-16.492616653442383,-16.492616653442383,-16.492616653442383,-16.492616653442383,-11.754040718078613,-16.492616653442383,-16.492616653442383,-16.492616653442383,-16.492616653442383,-16.492616653442383,-16.492616653442383,-16.492616653442383,-16.492616653442383,-16.492616653442383,-16.492616653442383,-16.492616653442383,-16.492616653442383,-16.492616653442383,-16.492616653442383,-16.492616653442383,-16.492616653442383,-16.492616653442383,-16.492616653442383,-10.39565372467041,-16.492616653442383,-16.492616653442383,-16.492616653442383,-16.492616653442383,-6.961658477783203,-17.487884521484375,-16.492616653442383,-16.492616653442383,-16.492616653442383,-16.492616653442383,-16.492616653442383,-16.492616653442383,-16.492616653442383,-16.492616653442383,-16.492616653442383,-16.492616653442383,-16.492616653442383,-16.492616653442383,-16.492616653442383,-16.492616653442383,-16.492616653442383,-16.492616653442383,-16.492616653442383,-16.492616653442383,-16.492616653442383,-16.492616653442383,-16.492616653442383,-16.492616653442383,-16.492616653442383,-inf,-inf,-inf,-inf,-inf,-inf,-inf,-inf,-inf,-inf,-inf,-inf,-inf,-inf,-inf,-inf,-inf,-inf,-inf,-inf,-16.492616653442383,-16.548765182495117,-24.155683517456055,2.716242790222168,-8.975088119506836,-6.223304748535156,-15.044149398803711,-14.384233474731445,-15.62037467956543,-13.36251449584961,-17.605331420898438,-17.605331420898438,-17.605331420898438,-17.605331420898438,-17.605331420898438,-17.605331420898438,-17.605331420898438,-17.605331420898438,-17.605331420898438,-17.605331420898438,-17.605331420898438,-17.605331420898438,-17.605331420898438,-17.450443267822266,-17.605331420898438,-17.605331420898438,-17.605331420898438,-17.605331420898438,-17.605331420898438,-13.789481163024902,-17.605331420898438,-17.605331420898438,-17.605331420898438,-17.605331420898438,-17.605331420898438,-17.605331420898438,-17.605331420898438,-17.605331420898438,-17.605331420898438,-17.605331420898438,-17.605331420898438,-17.605331420898438,-17.849313735961914,-17.605331420898438,-17.605331420898438,-17.605331420898438,-17.605331420898438,-17.605331420898438,-17.605331420898438,-17.605331420898438,-17.605331420898438,-17.605331420898438,-17.605331420898438,-17.605331420898438,-17.605331420898438,-17.605331420898438,-17.605331420898438,-17.605331420898438,-17.605331420898438,-17.605331420898438,-17.605331420898438,-17.605331420898438,-17.605331420898438,-17.605331420898438,-11.19795036315918,-17.605331420898438,-17.416397094726562,-17.605331420898438,-17.605331420898438,-17.605331420898438,-17.605331420898438,-17.605331420898438,-17.605331420898438,-17.605331420898438,-17.605331420898438,-17.605331420898438,-17.605331420898438,-17.605331420898438,-17.605331420898438,-17.605331420898438,-18.012371063232422,-17.605331420898438,-17.605331420898438,-17.605331420898438,-17.605331420898438,-17.605331420898438,-17.605331420898438,-17.605331420898438,-17.605331420898438,-17.605331420898438,-17.605331420898438,-17.605331420898438,-17.605331420898438,-17.605331420898438,-17.605331420898438,-17.605331420898438,-17.605331420898438,-17.605331420898438,-17.605331420898438,-17.605331420898438,-17.605331420898438,-17.605331420898438,-17.605331420898438,-17.605331420898438,-17.605331420898438,-17.605331420898438,-17.605331420898438,-17.605331420898438,-17.605331420898438,-17.605331420898438,-17.605331420898438,-17.605331420898438,-17.605331420898438,-17.605331420898438,-17.605331420898438,-17.605331420898438,-17.605331420898438,-17.605331420898438,-17.605331420898438,-17.605331420898438,-17.605331420898438,-17.605331420898438,-17.605331420898438,-17.667022705078125,-17.605331420898438,-17.605331420898438,-17.605331420898438,-17.605331420898438,-17.605331420898438,-17.605331420898438,-17.605331420898438,-17.605331420898438,-17.605331420898438,-17.605331420898438,-17.605331420898438,-17.605331420898438,-17.605331420898438,-17.605331420898438,-17.605331420898438,-17.605331420898438,-17.605331420898438,-17.605331420898438,-17.89241600036621,-17.605331420898438,-17.605331420898438,-17.605331420898438,-17.605331420898438,-17.854270935058594,-9.214198112487793,-17.605331420898438,-17.605331420898438,-17.605331420898438,-17.605331420898438,-17.605331420898438,-17.605331420898438,-17.605331420898438,-17.605331420898438,-17.605331420898438,-17.605331420898438,-17.605331420898438,-17.605331420898438,-17.605331420898438,-17.605331420898438,-17.605331420898438,-17.605331420898438,-17.605331420898438,-17.605331420898438,-17.605331420898438,-17.605331420898438,-17.605331420898438,-17.605331420898438,-17.605331420898438,-inf,-inf,-inf,-inf,-inf,-inf,-inf,-inf,-inf,-inf,-inf,-inf,-inf,-inf,-inf,-inf,-inf,-inf,-inf,-inf,-0.00011884459672728553,-14.84946346282959,-23.25486183166504,-23.25486183166504,-23.25486183166504,-23.25486183166504,-23.25486183166504,-23.25486183166504,-23.25486183166504,-23.25486183166504,-23.25486183166504,-23.25486183166504,-23.25486183166504,-23.25486183166504,-23.25486183166504,-23.1597900390625,-23.25486183166504,-23.25486183166504,-23.25486183166504,-23.25486183166504,-23.25486183166504,-15.259613990783691,-23.25486183166504,-23.25486183166504,-23.25486183166504,-23.25486183166504,-23.25486183166504,-23.25486183166504,-23.25486183166504,-23.25486183166504,-23.25486183166504,-23.25486183166504,-23.25486183166504,-23.25486183166504,-22.86874008178711,-23.25486183166504,-23.25486183166504,-23.25486183166504,-23.25486183166504,-23.25486183166504,-23.25486183166504,-23.25486183166504,-23.25486183166504,-23.25486183166504,-23.25486183166504,-23.25486183166504,-23.25486183166504,-23.25486183166504,-23.25486183166504,-23.25486183166504,-23.25486183166504,-23.25486183166504,-23.25486183166504,-23.25486183166504,-23.25486183166504,-23.25486183166504,-23.538576126098633,-23.25486183166504,-21.944520950317383,-23.25486183166504,-23.25486183166504,-23.25486183166504,-23.25486183166504,-23.25486183166504,-23.25486183166504,-23.25486183166504,-23.25486183166504,-23.25486183166504,-23.25486183166504,-23.25486183166504,-23.25486183166504,-23.25486183166504,-23.957294464111328,-23.25486183166504,-23.25486183166504,-23.25486183166504,-23.25486183166504,-23.25486183166504,-23.25486183166504,-23.25486183166504,-23.25486183166504,-23.25486183166504,-23.25486183166504,-23.25486183166504,-23.25486183166504,-23.25486183166504,-23.25486183166504,-23.25486183166504,-23.25486183166504,-23.25486183166504,-23.25486183166504,-23.25486183166504,-23.25486183166504,-23.25486183166504,-23.25486183166504,-23.25486183166504,-23.25486183166504,-23.25486183166504,-23.25486183166504,-23.25486183166504,-23.25486183166504,-23.25486183166504,-23.25486183166504,-23.25486183166504,-23.25486183166504,-23.25486183166504,-23.25486183166504,-23.25486183166504,-23.25486183166504,-23.25486183166504,-23.25486183166504,-23.25486183166504,-23.25486183166504,-23.25486183166504,-23.25486183166504,-5.392532825469971,-23.25486183166504,-23.25486183166504,-23.25486183166504,-23.25486183166504,-23.25486183166504,-23.25486183166504,-23.25486183166504,-23.25486183166504,-23.25486183166504,-23.25486183166504,-23.25486183166504,-23.25486183166504,-23.25486183166504,-23.25486183166504,-23.25486183166504,-23.25486183166504,-23.25486183166504,-23.25486183166504,-23.710681915283203,-23.25486183166504,-23.25486183166504,-23.25486183166504,-23.25486183166504,-22.823246002197266,-23.836742401123047,-23.25486183166504,-23.25486183166504,-23.25486183166504,-23.25486183166504,-23.25486183166504,-23.25486183166504,-23.25486183166504,-23.25486183166504,-23.25486183166504,-23.25486183166504,-23.25486183166504,-23.25486183166504,-23.25486183166504,-23.25486183166504,-23.25486183166504,-23.25486183166504,-23.25486183166504,-23.25486183166504,-23.25486183166504,-23.25486183166504,-23.25486183166504,-23.25486183166504,-23.25486183166504,-inf,-inf,-inf,-inf,-inf,-inf,-inf,-inf,-inf,-inf,-inf,-inf,-inf,-inf,-inf,-inf,-inf,-inf,-inf,-inf,-0.004561139270663261,-17.652299880981445
15,-13.357276916503906,-13.357276916503906,-13.357276916503906,-13.357276916503906,-13.357276916503906,-13.357276916503906,-13.357276916503906,-13.357276916503906,-13.357276916503906,-13.357276916503906,-13.357276916503906,-13.357276916503906,-13.357276916503906,-5.817777156829834,-13.357276916503906,-13.357276916503906,-13.357276916503906,-13.357276916503906,-13.357276916503906,-13.198728561401367,-13.357276916503906,-13.357276916503906,-13.357276916503906,-13.357276916503906,-13.357276916503906,-13.357276916503906,-13.357276916503906,-13.357276916503906,-13.357276916503906,-13.357276916503906,-13.357276916503906,-13.357276916503906,-0.42466914653778076,-13.357276916503906,-13.357276916503906,-13.357276916503906,-13.357276916503906,-13.357276916503906,-13.357276916503906,-13.357276916503906,-13.357276916503906,-13.357276916503906,-13.357276916503906,-13.357276916503906,-13.357276916503906,-13.357276916503906,-13.357276916503906,-13.357276916503906,-13.357276916503906,-13.357276916503906,-13.357276916503906,-13.357276916503906,-13.357276916503906,-13.357276916503906,-14.941689491271973,-13.357276916503906,-1.116576075553894,-13.357276916503906,-13.357276916503906,-13.357276916503906,-13.357276916503906,-13.357276916503906,-13.357276916503906,-13.357276916503906,-13.357276916503906,-13.357276916503906,-13.357276916503906,-13.357276916503906,-13.357276916503906,-13.357276916503906,-10.264209747314453,-13.357276916503906,-13.357276916503906,-13.357276916503906,-13.357276916503906,-13.357276916503906,-13.357276916503906,-13.357276916503906,-13.357276916503906,-13.357276916503906,-13.357276916503906,-13.357276916503906,-13.357276916503906,-13.357276916503906,-13.357276916503906,-13.357276916503906,-13.357276916503906,-13.357276916503906,-13.357276916503906,-13.357276916503906,-13.357276916503906,-13.357276916503906,-13.357276916503906,-13.357276916503906,-13.357276916503906,-13.357276916503906,-13.357276916503906,-13.357276916503906,-13.357276916503906,-13.357276916503906,-13.357276916503906,-13.357276916503906,-13.357276916503906,-13.357276916503906,-13.357276916503906,-13.357276916503906,-13.357276916503906,-13.357276916503906,-13.357276916503906,-13.357276916503906,-13.357276916503906,-13.357276916503906,-13.357276916503906,-9.082436561584473,-13.357276916503906,-13.357276916503906,-13.357276916503906,-13.357276916503906,-13.357276916503906,-13.357276916503906,-13.357276916503906,-13.357276916503906,-13.357276916503906,-13.357276916503906,-13.357276916503906,-13.357276916503906,-13.357276916503906,-13.357276916503906,-13.357276916503906,-13.357276916503906,-13.357276916503906,-13.357276916503906,-4.2773590087890625,-13.357276916503906,-13.357276916503906,-13.357276916503906,-13.357276916503906,-6.682323455810547,-14.578559875488281,-13.357276916503906,-13.357276916503906,-13.357276916503906,-13.357276916503906,-13.357276916503906,-13.357276916503906,-13.357276916503906,-13.357276916503906,-13.357276916503906,-13.357276916503906,-13.357276916503906,-13.357276916503906,-13.357276916503906,-13.357276916503906,-13.357276916503906,-13.357276916503906,-13.357276916503906,-13.357276916503906,-13.357276916503906,-13.357276916503906,-13.357276916503906,-13.357276916503906,-13.357276916503906,-inf,-inf,-inf,-inf,-inf,-inf,-inf,-inf,-inf,-inf,-inf,-inf,-inf,-inf,-inf,-inf,-inf,-inf,-inf,-inf,-13.357276916503906,-9.383265495300293,-25.65711212158203,-5.331836700439453,-11.991043090820312,-11.997709274291992,-15.506041526794434,-15.23725700378418,-17.601417541503906,-14.15412425994873,-19.20014190673828,-19.20014190673828,-19.20014190673828,-19.20014190673828,-19.20014190673828,-19.20014190673828,-19.20014190673828,-19.20014190673828,-19.20014190673828,-19.20014190673828,-19.20014190673828,-19.20014190673828,-19.20014190673828,-18.979116439819336,-19.20014190673828,-19.20014190673828,-19.20014190673828,-19.20014190673828,-19.20014190673828,-17.783018112182617,-19.20014190673828,-19.20014190673828,-19.20014190673828,-19.20014190673828,-19.20014190673828,-19.20014190673828,-19.20014190673828,-19.20014190673828,-19.20014190673828,-19.20014190673828,-19.20014190673828,-19.20014190673828,-19.477994918823242,-19.20014190673828,-19.20014190673828,-19.20014190673828,-19.20014190673828,-19.20014190673828,-19.20014190673828,-19.20014190673828,-19.20014190673828,-19.20014190673828,-19.20014190673828,-19.20014190673828,-19.20014190673828,-19.20014190673828,-19.20014190673828,-19.20014190673828,-19.20014190673828,-19.20014190673828,-19.20014190673828,-19.20014190673828,-19.20014190673828,-19.20014190673828,-12.918533325195312,-19.20014190673828,-19.031644821166992,-19.20014190673828,-19.20014190673828,-19.20014190673828,-19.20014190673828,-19.20014190673828,-19.20014190673828,-19.20014190673828,-19.20014190673828,-19.20014190673828,-19.20014190673828,-19.20014190673828,-19.20014190673828,-19.20014190673828,-19.99756622314453,-19.20014190673828,-19.20014190673828,-19.20014190673828,-19.20014190673828,-19.20014190673828,-19.20014190673828,-19.20014190673828,-19.20014190673828,-19.20014190673828,-19.20014190673828,-19.20014190673828,-19.20014190673828,-19.20014190673828,-19.20014190673828,-19.20014190673828,-19.20014190673828,-19.20014190673828,-19.20014190673828,-19.20014190673828,-19.20014190673828,-19.20014190673828,-19.20014190673828,-19.20014190673828,-19.20014190673828,-19.20014190673828,-19.20014190673828,-19.20014190673828,-19.20014190673828,-19.20014190673828,-19.20014190673828,-19.20014190673828,-19.20014190673828,-19.20014190673828,-19.20014190673828,-19.20014190673828,-19.20014190673828,-19.20014190673828,-19.20014190673828,-19.20014190673828,-19.20014190673828,-19.20014190673828,-19.20014190673828,-19.444684982299805,-19.20014190673828,-19.20014190673828,-19.20014190673828,-19.20014190673828,-19.20014190673828,-19.20014190673828,-19.20014190673828,-19.20014190673828,-19.20014190673828,-19.20014190673828,-19.20014190673828,-19.20014190673828,-19.20014190673828,-19.20014190673828,-19.20014190673828,-19.20014190673828,-19.20014190673828,-19.20014190673828,-20.009204864501953,-19.20014190673828,-19.20014190673828,-19.20014190673828,-19.20014190673828,-19.788942337036133,-11.783154487609863,-19.20014190673828,-19.20014190673828,-19.20014190673828,-19.20014190673828,-19.20014190673828,-19.20014190673828,-19.20014190673828,-19.20014190673828,-19.20014190673828,-19.20014190673828,-19.20014190673828,-19.20014190673828,-19.20014190673828,-19.20014190673828,-19.20014190673828,-19.20014190673828,-19.20014190673828,-19.20014190673828,-19.20014190673828,-19.20014190673828,-19.20014190673828,-19.20014190673828,-19.20014190673828,-inf,-inf,-inf,-inf,-inf,-inf,-inf,-inf,-inf,-inf,-inf,-inf,-inf,-inf,-inf,-inf,-inf,-inf,-inf,-inf,-2.610649426060263e-05,-11.096595764160156,-22.66400718688965,-22.66400718688965,-22.66400718688965,-22.66400718688965,-22.66400718688965,-22.66400718688965,-22.66400718688965,-22.66400718688965,-22.66400718688965,-22.66400718688965,-22.66400718688965,-22.66400718688965,-22.66400718688965,-22.719770431518555,-22.66400718688965,-22.66400718688965,-22.66400718688965,-22.66400718688965,-22.66400718688965,-12.076277732849121,-22.66400718688965,-22.66400718688965,-22.66400718688965,-22.66400718688965,-22.66400718688965,-22.66400718688965,-22.66400718688965,-22.66400718688965,-22.66400718688965,-22.66400718688965,-22.66400718688965,-22.66400718688965,-22.573734283447266,-22.66400718688965,-22.66400718688965,-22.66400718688965,-22.66400718688965,-22.66400718688965,-22.66400718688965,-22.66400718688965,-22.66400718688965,-22.66400718688965,-22.66400718688965,-22.66400718688965,-22.66400718688965,-22.66400718688965,-22.66400718688965,-22.66400718688965,-22.66400718688965,-22.66400718688965,-22.66400718688965,-22.66400718688965,-22.66400718688965,-22.66400718688965,-23.120254516601562,-22.66400718688965,-21.451406478881836,-22.66400718688965,-22.66400718688965,-22.66400718688965,-22.66400718688965,-22.66400718688965,-22.66400718688965,-22.66400718688965,-22.66400718688965,-22.66400718688965,-22.66400718688965,-22.66400718688965,-22.66400718688965,-22.66400718688965,-23.882898330688477,-22.66400718688965,-22.66400718688965,-22.66400718688965,-22.66400718688965,-22.66400718688965,-22.66400718688965,-22.66400718688965,-22.66400718688965,-22.66400718688965,-22.66400718688965,-22.66400718688965,-22.66400718688965,-22.66400718688965,-22.66400718688965,-22.66400718688965,-22.66400718688965,-22.66400718688965,-22.66400718688965,-22.66400718688965,-22.66400718688965,-22.66400718688965,-22.66400718688965,-22.66400718688965,-22.66400718688965,-22.66400718688965,-22.66400718688965,-22.66400718688965,-22.66400718688965,-22.66400718688965,-22.66400718688965,-22.66400718688965,-22.66400718688965,-22.66400718688965,-22.66400718688965,-22.66400718688965,-22.66400718688965,-22.66400718688965,-22.66400718688965,-22.66400718688965,-22.66400718688965,-22.66400718688965,-22.66400718688965,-0.003374123014509678,-22.66400718688965,-22.66400718688965,-22.66400718688965,-22.66400718688965,-22.66400718688965,-22.66400718688965,-22.66400718688965,-22.66400718688965,-22.66400718688965,-22.66400718688965,-22.66400718688965,-22.66400718688965,-22.66400718688965,-22.66400718688965,-22.66400718688965,-22.66400718688965,-22.66400718688965,-22.66400718688965,-23.052799224853516,-22.66400718688965,-22.66400718688965,-22.66400718688965,-22.66400718688965,-22.26186180114746,-23.040130615234375,-22.66400718688965,-22.66400718688965,-22.66400718688965,-22.66400718688965,-22.66400718688965,-22.66400718688965,-22.66400718688965,-22.66400718688965,-22.66400718688965,-22.66400718688965,-22.66400718688965,-22.66400718688965,-22.66400718688965,-22.66400718688965,-22.66400718688965,-22.66400718688965,-22.66400718688965,-22.66400718688965,-22.66400718688965,-22.66400718688965,-22.66400718688965,-22.66400718688965,-22.66400718688965,-inf,-inf,-inf,-inf,-inf,-inf,-inf,-inf,-inf,-inf,-inf,-inf,-inf,-inf,-inf,-inf,-inf,-inf,-inf,-inf,-5.695648193359375,-13.065450668334961
16,-14.42502212524414,-14.42502212524414,-14.42502212524414,-14.42502212524414,-14.42502212524414,-14.42502212524414,-14.42502212524414,-14.42502212524414,-14.42502212524414,-14.42502212524414,-14.42502212524414,-14.42502212524414,-14.42502212524414,-9.49052619934082,-14.42502212524414,-14.42502212524414,-14.42502212524414,-14.42502212524414,-14.42502212524414,-15.711727142333984,-14.42502212524414,-14.42502212524414,-14.42502212524414,-14.42502212524414,-14.42502212524414,-14.42502212524414,-14.42502212524414,-14.42502212524414,-14.42502212524414,-14.42502212524414,-14.42502212524414,-14.42502212524414,-1.0660417079925537,-14.42502212524414,-14.42502212524414,-14.42502212524414,-14.42502212524414,-14.42502212524414,-14.42502212524414,-14.42502212524414,-14.42502212524414,-14.42502212524414,-14.42502212524414,-14.42502212524414,-14.42502212524414,-14.42502212524414,-14.42502212524414,-14.42502212524414,-14.42502212524414,-14.42502212524414,-14.42502212524414,-14.42502212524414,-14.42502212524414,-14.42502212524414,-16.339773178100586,-14.42502212524414,-2.460644483566284,-14.42502212524414,-14.42502212524414,-14.42502212524414,-14.42502212524414,-14.42502212524414,-14.42502212524414,-14.42502212524414,-14.42502212524414,-14.42502212524414,-14.42502212524414,-14.42502212524414,-14.42502212524414,-14.42502212524414,-12.6212797164917,-14.42502212524414,-14.42502212524414,-14.42502212524414,-14.42502212524414,-14.42502212524414,-14.42502212524414,-14.42502212524414,-14.42502212524414,-14.42502212524414,-14.42502212524414,-14.42502212524414,-14.42502212524414,-14.42502212524414,-14.42502212524414,-14.42502212524414,-14.42502212524414,-14.42502212524414,-14.42502212524414,-14.42502212524414,-14.42502212524414,-14.42502212524414,-14.42502212524414,-14.42502212524414,-14.42502212524414,-14.42502212524414,-14.42502212524414,-14.42502212524414,-14.42502212524414,-14.42502212524414,-14.42502212524414,-14.42502212524414,-14.42502212524414,-14.42502212524414,-14.42502212524414,-14.42502212524414,-14.42502212524414,-14.42502212524414,-14.42502212524414,-14.42502212524414,-14.42502212524414,-14.42502212524414,-14.42502212524414,-12.165304183959961,-14.42502212524414,-14.42502212524414,-14.42502212524414,-14.42502212524414,-14.42502212524414,-14.42502212524414,-14.42502212524414,-14.42502212524414,-14.42502212524414,-14.42502212524414,-14.42502212524414,-14.42502212524414,-14.42502212524414,-14.42502212524414,-14.42502212524414,-14.42502212524414,-14.42502212524414,-14.42502212524414,-0.5627381801605225,-14.42502212524414,-14.42502212524414,-14.42502212524414,-14.42502212524414,-7.912327766418457,-15.749055862426758,-14.42502212524414,-14.42502212524414,-14.42502212524414,-14.42502212524414,-14.42502212524414,-14.42502212524414,-14.42502212524414,-14.42502212524414,-14.42502212524414,-14.42502212524414,-14.42502212524414,-14.42502212524414,-14.42502212524414,-14.42502212524414,-14.42502212524414,-14.42502212524414,-14.42502212524414,-14.42502212524414,-14.42502212524414,-14.42502212524414,-14.42502212524414,-14.42502212524414,-14.42502212524414,-inf,-inf,-inf,-inf,-inf,-inf,-inf,-inf,-inf,-inf,-inf,-inf,-inf,-inf,-inf,-inf,-inf,-inf,-inf,-inf,-14.42502212524414,-9.732004165649414,-25.42356300354004,-7.7989301681518555,-15.02364730834961,-15.24541187286377,-15.507920265197754,-15.57862663269043,-17.375255584716797,-15.107293128967285,-25.698177337646484,-25.698177337646484,-25.698177337646484,-25.698177337646484,-25.698177337646484,-25.698177337646484,-25.698177337646484,-25.698177337646484,-25.698177337646484,-25.698177337646484,-25.698177337646484,-25.698177337646484,-25.698177337646484,-25.735074996948242,-25.698177337646484,-25.698177337646484,-25.698177337646484,-25.698177337646484,-25.698177337646484,-26.162242889404297,-25.698177337646484,-25.698177337646484,-25.698177337646484,-25.698177337646484,-25.698177337646484,-25.698177337646484,-25.698177337646484,-25.698177337646484,-25.698177337646484,-25.698177337646484,-25.698177337646484,-25.698177337646484,-25.785594940185547,-25.698177337646484,-25.698177337646484,-25.698177337646484,-25.698177337646484,-25.698177337646484,-25.698177337646484,-25.698177337646484,-25.698177337646484,-25.698177337646484,-25.698177337646484,-25.698177337646484,-25.698177337646484,-25.698177337646484,-25.698177337646484,-25.698177337646484,-25.698177337646484,-25.698177337646484,-25.698177337646484,-25.698177337646484,-25.698177337646484,-25.698177337646484,-18.985124588012695,-25.698177337646484,-25.662704467773438,-25.698177337646484,-25.698177337646484,-25.698177337646484,-25.698177337646484,-25.698177337646484,-25.698177337646484,-25.698177337646484,-25.698177337646484,-25.698177337646484,-25.698177337646484,-25.698177337646484,-25.698177337646484,-25.698177337646484,-26.965450286865234,-25.698177337646484,-25.698177337646484,-25.698177337646484,-25.698177337646484,-25.698177337646484,-25.698177337646484,-25.698177337646484,-25.698177337646484,-25.698177337646484,-25.698177337646484,-25.698177337646484,-25.698177337646484,-25.698177337646484,-25.698177337646484,-25.698177337646484,-25.698177337646484,-25.698177337646484,-25.698177337646484,-25.698177337646484,-25.698177337646484,-25.698177337646484,-25.698177337646484,-25.698177337646484,-25.698177337646484,-25.698177337646484,-25.698177337646484,-25.698177337646484,-25.698177337646484,-25.698177337646484,-25.698177337646484,-25.698177337646484,-25.698177337646484,-25.698177337646484,-25.698177337646484,-25.698177337646484,-25.698177337646484,-25.698177337646484,-25.698177337646484,-25.698177337646484,-25.698177337646484,-25.698177337646484,-25.698177337646484,-25.943395614624023,-25.698177337646484,-25.698177337646484,-25.698177337646484,-25.698177337646484,-25.698177337646484,-25.698177337646484,-25.698177337646484,-25.698177337646484,-25.698177337646484,-25.698177337646484,-25.698177337646484,-25.698177337646484,-25.698177337646484,-25.698177337646484,-25.698177337646484,-25.698177337646484,-25.698177337646484,-25.698177337646484,-26.706314086914062,-25.698177337646484,-25.698177337646484,-25.698177337646484,-25.698177337646484,-26.387102127075195,-19.01313018798828,-25.698177337646484,-25.698177337646484,-25.698177337646484,-25.698177337646484,-25.698177337646484,-25.698177337646484,-25.698177337646484,-25.698177337646484,-25.698177337646484,-25.698177337646484,-25.698177337646484,-25.698177337646484,-25.698177337646484,-25.698177337646484,-25.698177337646484,-25.698177337646484,-25.698177337646484,-25.698177337646484,-25.698177337646484,-25.698177337646484,-25.698177337646484,-25.698177337646484,-25.698177337646484,-inf,-inf,-inf,-inf,-inf,-inf,-inf,-inf,-inf,-inf,-inf,-inf,-inf,-inf,-inf,-inf,-inf,-inf,-inf,-inf,-5.960462772236497e-07,-14.359949111938477,-26.31817054748535,-26.31817054748535,-26.31817054748535,-26.31817054748535,-26.31817054748535,-26.31817054748535,-26.31817054748535,-26.31817054748535,-26.31817054748535,-26.31817054748535,-26.31817054748535,-26.31817054748535,-26.31817054748535,-26.700485229492188,-26.31817054748535,-26.31817054748535,-26.31817054748535,-26.31817054748535,-26.31817054748535,-11.72239875793457,-26.31817054748535,-26.31817054748535,-26.31817054748535,-26.31817054748535,-26.31817054748535,-26.31817054748535,-26.31817054748535,-26.31817054748535,-26.31817054748535,-26.31817054748535,-26.31817054748535,-26.31817054748535,-26.483436584472656,-26.31817054748535,-26.31817054748535,-26.31817054748535,-26.31817054748535,-26.31817054748535,-26.31817054748535,-26.31817054748535,-26.31817054748535,-26.31817054748535,-26.31817054748535,-26.31817054748535,-26.31817054748535,-26.31817054748535,-26.31817054748535,-26.31817054748535,-26.31817054748535,-26.31817054748535,-26.31817054748535,-26.31817054748535,-26.31817054748535,-26.31817054748535,-27.049278259277344,-26.31817054748535,-25.343353271484375,-26.31817054748535,-26.31817054748535,-26.31817054748535,-26.31817054748535,-26.31817054748535,-26.31817054748535,-26.31817054748535,-26.31817054748535,-26.31817054748535,-26.31817054748535,-26.31817054748535,-26.31817054748535,-26.31817054748535,-27.56780433654785,-26.31817054748535,-26.31817054748535,-26.31817054748535,-26.31817054748535,-26.31817054748535,-26.31817054748535,-26.31817054748535,-26.31817054748535,-26.31817054748535,-26.31817054748535,-26.31817054748535,-26.31817054748535,-26.31817054748535,-26.31817054748535,-26.31817054748535,-26.31817054748535,-26.31817054748535,-26.31817054748535,-26.31817054748535,-26.31817054748535,-26.31817054748535,-26.31817054748535,-26.31817054748535,-26.31817054748535,-26.31817054748535,-26.31817054748535,-26.31817054748535,-26.31817054748535,-26.31817054748535,-26.31817054748535,-26.31817054748535,-26.31817054748535,-26.31817054748535,-26.31817054748535,-26.31817054748535,-26.31817054748535,-26.31817054748535,-26.31817054748535,-26.31817054748535,-26.31817054748535,-26.31817054748535,-26.31817054748535,-1.0609570381348021e-05,-26.31817054748535,-26.31817054748535,-26.31817054748535,-26.31817054748535,-26.31817054748535,-26.31817054748535,-26.31817054748535,-26.31817054748535,-26.31817054748535,-26.31817054748535,-26.31817054748535,-26.31817054748535,-26.31817054748535,-26.31817054748535,-26.31817054748535,-26.31817054748535,-26.31817054748535,-26.31817054748535,-26.60892677307129,-26.31817054748535,-26.31817054748535,-26.31817054748535,-26.31817054748535,-25.81931495666504,-26.730514526367188,-26.31817054748535,-26.31817054748535,-26.31817054748535,-26.31817054748535,-26.31817054748535,-26.31817054748535,-26.31817054748535,-26.31817054748535,-26.31817054748535,-26.31817054748535,-26.31817054748535,-26.31817054748535,-26.31817054748535,-26.31817054748535,-26.31817054748535,-26.31817054748535,-26.31817054748535,-26.31817054748535,-26.31817054748535,-26.31817054748535,-26.31817054748535,-26.31817054748535,-26.31817054748535,-inf,-inf,-inf,-inf,-inf,-inf,-inf,-inf,-inf,-inf,-inf,-inf,-inf,-inf,-inf,-inf,-inf,-inf,-inf,-inf,-12.994841575622559,-15.24078369140625
17,-14.79340934753418,-14.79340934753418,-14.79340934753418,-14.79340934753418,-14.79340934753418,-14.79340934753418,-14.79340934753418,-14.79340934753418,-14.79340934753418,-14.79340934753418,-14.79340934753418,-14.79340934753418,-14.79340934753418,-6.7200469970703125,-14.79340934753418,-14.79340934753418,-14.79340934753418,-14.79340934753418,-14.79340934753418,-19.573665618896484,-14.79340934753418,-14.79340934753418,-14.79340934753418,-14.79340934753418,-14.79340934753418,-14.79340934753418,-14.79340934753418,-14.79340934753418,-14.79340934753418,-14.79340934753418,-14.79340934753418,-14.79340934753418,-4.405675888061523,-14.79340934753418,-14.79340934753418,-14.79340934753418,-14.79340934753418,-14.79340934753418,-14.79340934753418,-14.79340934753418,-14.79340934753418,-14.79340934753418,-14.79340934753418,-14.79340934753418,-14.79340934753418,-14.79340934753418,-14.79340934753418,-14.79340934753418,-14.79340934753418,-14.79340934753418,-14.79340934753418,-14.79340934753418,-14.79340934753418,-14.79340934753418,-16.728790283203125,-14.79340934753418,-0.632659912109375,-14.79340934753418,-14.79340934753418,-14.79340934753418,-14.79340934753418,-14.79340934753418,-14.79340934753418,-14.79340934753418,-14.79340934753418,-14.79340934753418,-14.79340934753418,-14.79340934753418,-14.79340934753418,-14.79340934753418,-13.94900894165039,-14.79340934753418,-14.79340934753418,-14.79340934753418,-14.79340934753418,-14.79340934753418,-14.79340934753418,-14.79340934753418,-14.79340934753418,-14.79340934753418,-14.79340934753418,-14.79340934753418,-14.79340934753418,-14.79340934753418,-14.79340934753418,-14.79340934753418,-14.79340934753418,-14.79340934753418,-14.79340934753418,-14.79340934753418,-14.79340934753418,-14.79340934753418,-14.79340934753418,-14.79340934753418,-14.79340934753418,-14.79340934753418,-14.79340934753418,-14.79340934753418,-14.79340934753418,-14.79340934753418,-14.79340934753418,-14.79340934753418,-14.79340934753418,-14.79340934753418,-14.79340934753418,-14.79340934753418,-14.79340934753418,-14.79340934753418,-14.79340934753418,-14.79340934753418,-14.79340934753418,-14.79340934753418,-14.79340934753418,-12.724309921264648,-14.79340934753418,-14.79340934753418,-14.79340934753418,-14.79340934753418,-14.79340934753418,-14.79340934753418,-14.79340934753418,-14.79340934753418,-14.79340934753418,-14.79340934753418,-14.79340934753418,-14.79340934753418,-14.79340934753418,-14.79340934753418,-14.79340934753418,-14.79340934753418,-14.79340934753418,-14.79340934753418,-0.7880363464355469,-14.79340934753418,-14.79340934753418,-14.79340934753418,-14.79340934753418,-7.499260425567627,-15.964813232421875,-14.79340934753418,-14.79340934753418,-14.79340934753418,-14.79340934753418,-14.79340934753418,-14.79340934753418,-14.79340934753418,-14.79340934753418,-14.79340934753418,-14.79340934753418,-14.79340934753418,-14.79340934753418,-14.79340934753418,-14.79340934753418,-14.79340934753418,-14.79340934753418,-14.79340934753418,-14.79340934753418,-14.79340934753418,-14.79340934753418,-14.79340934753418,-14.79340934753418,-14.79340934753418,-inf,-inf,-inf,-inf,-inf,-inf,-inf,-inf,-inf,-inf,-inf,-inf,-inf,-inf,-inf,-inf,-inf,-inf,-inf,-inf,-14.79340934753418,-9.921573638916016,-23.177005767822266,-6.053974151611328,-16.102075576782227,-13.43779182434082,-14.343463897705078,-16.37235450744629,-17.29983901977539,-15.537825584411621,-27.687103271484375,-27.687103271484375,-27.687103271484375,-27.687103271484375,-27.687103271484375,-27.687103271484375,-27.687103271484375,-27.687103271484375,-27.687103271484375,-27.687103271484375,-27.687103271484375,-27.687103271484375,-27.687103271484375,-27.670879364013672,-27.687103271484375,-27.687103271484375,-27.687103271484375,-27.687103271484375,-27.687103271484375,-29.267135620117188,-27.687103271484375,-27.687103271484375,-27.687103271484375,-27.687103271484375,-27.687103271484375,-27.687103271484375,-27.687103271484375,-27.687103271484375,-27.687103271484375,-27.687103271484375,-27.687103271484375,-27.687103271484375,-27.48636245727539,-27.687103271484375,-27.687103271484375,-27.687103271484375,-27.687103271484375,-27.687103271484375,-27.687103271484375,-27.687103271484375,-27.687103271484375,-27.687103271484375,-27.687103271484375,-27.687103271484375,-27.687103271484375,-27.687103271484375,-27.687103271484375,-27.687103271484375,-27.687103271484375,-27.687103271484375,-27.687103271484375,-27.687103271484375,-27.687103271484375,-27.687103271484375,-18.906299591064453,-27.687103271484375,-27.726654052734375,-27.687103271484375,-27.687103271484375,-27.687103271484375,-27.687103271484375,-27.687103271484375,-27.687103271484375,-27.687103271484375,-27.687103271484375,-27.687103271484375,-27.687103271484375,-27.687103271484375,-27.687103271484375,-27.687103271484375,-29.28371810913086,-27.687103271484375,-27.687103271484375,-27.687103271484375,-27.687103271484375,-27.687103271484375,-27.687103271484375,-27.687103271484375,-27.687103271484375,-27.687103271484375,-27.687103271484375,-27.687103271484375,-27.687103271484375,-27.687103271484375,-27.687103271484375,-27.687103271484375,-27.687103271484375,-27.687103271484375,-27.687103271484375,-27.687103271484375,-27.687103271484375,-27.687103271484375,-27.687103271484375,-27.687103271484375,-27.687103271484375,-27.687103271484375,-27.687103271484375,-27.687103271484375,-27.687103271484375,-27.687103271484375,-27.687103271484375,-27.687103271484375,-27.687103271484375,-27.687103271484375,-27.687103271484375,-27.687103271484375,-27.687103271484375,-27.687103271484375,-27.687103271484375,-27.687103271484375,-27.687103271484375,-27.687103271484375,-27.687103271484375,-28.062725067138672,-27.687103271484375,-27.687103271484375,-27.687103271484375,-27.687103271484375,-27.687103271484375,-27.687103271484375,-27.687103271484375,-27.687103271484375,-27.687103271484375,-27.687103271484375,-27.687103271484375,-27.687103271484375,-27.687103271484375,-27.687103271484375,-27.687103271484375,-27.687103271484375,-27.687103271484375,-27.687103271484375,-28.824745178222656,-27.687103271484375,-27.687103271484375,-27.687103271484375,-27.687103271484375,-28.327417373657227,-20.32059669494629,-27.687103271484375,-27.687103271484375,-27.687103271484375,-27.687103271484375,-27.687103271484375,-27.687103271484375,-27.687103271484375,-27.687103271484375,-27.687103271484375,-27.687103271484375,-27.687103271484375,-27.687103271484375,-27.687103271484375,-27.687103271484375,-27.687103271484375,-27.687103271484375,-27.687103271484375,-27.687103271484375,-27.687103271484375,-27.687103271484375,-27.687103271484375,-27.687103271484375,-27.687103271484375,-inf,-inf,-inf,-inf,-inf,-inf,-inf,-inf,-inf,-inf,-inf,-inf,-inf,-inf,-inf,-inf,-inf,-inf,-inf,-inf,-1.1920928244535389e-07,-15.810018539428711,-24.866579055786133,-24.866579055786133,-24.866579055786133,-24.866579055786133,-24.866579055786133,-24.866579055786133,-24.866579055786133,-24.866579055786133,-24.866579055786133,-24.866579055786133,-24.866579055786133,-24.866579055786133,-24.866579055786133,-25.024545669555664,-24.866579055786133,-24.866579055786133,-24.866579055786133,-24.866579055786133,-24.866579055786133,-8.546419143676758,-24.866579055786133,-24.866579055786133,-24.866579055786133,-24.866579055786133,-24.866579055786133,-24.866579055786133,-24.866579055786133,-24.866579055786133,-24.866579055786133,-24.866579055786133,-24.866579055786133,-24.866579055786133,-25.12710189819336,-24.866579055786133,-24.866579055786133,-24.866579055786133,-24.866579055786133,-24.866579055786133,-24.866579055786133,-24.866579055786133,-24.866579055786133,-24.866579055786133,-24.866579055786133,-24.866579055786133,-24.866579055786133,-24.866579055786133,-24.866579055786133,-24.866579055786133,-24.866579055786133,-24.866579055786133,-24.866579055786133,-24.866579055786133,-24.866579055786133,-24.866579055786133,-25.858278274536133,-24.866579055786133,-24.129682540893555,-24.866579055786133,-24.866579055786133,-24.866579055786133,-24.866579055786133,-24.866579055786133,-24.866579055786133,-24.866579055786133,-24.866579055786133,-24.866579055786133,-24.866579055786133,-24.866579055786133,-24.866579055786133,-24.866579055786133,-26.137680053710938,-24.866579055786133,-24.866579055786133,-24.866579055786133,-24.866579055786133,-24.866579055786133,-24.866579055786133,-24.866579055786133,-24.866579055786133,-24.866579055786133,-24.866579055786133,-24.866579055786133,-24.866579055786133,-24.866579055786133,-24.866579055786133,-24.866579055786133,-24.866579055786133,-24.866579055786133,-24.866579055786133,-24.866579055786133,-24.866579055786133,-24.866579055786133,-24.866579055786133,-24.866579055786133,-24.866579055786133,-24.866579055786133,-24.866579055786133,-24.866579055786133,-24.866579055786133,-24.866579055786133,-24.866579055786133,-24.866579055786133,-24.866579055786133,-24.866579055786133,-24.866579055786133,-24.866579055786133,-24.866579055786133,-24.866579055786133,-24.866579055786133,-24.866579055786133,-24.866579055786133,-24.866579055786133,-24.866579055786133,-0.0003181189822498709,-24.866579055786133,-24.866579055786133,-24.866579055786133,-24.866579055786133,-24.866579055786133,-24.866579055786133,-24.866579055786133,-24.866579055786133,-24.866579055786133,-24.866579055786133,-24.866579055786133,-24.866579055786133,-24.866579055786133,-24.866579055786133,-24.866579055786133,-24.866579055786133,-24.866579055786133,-24.866579055786133,-24.908082962036133,-24.866579055786133,-24.866579055786133,-24.866579055786133,-24.866579055786133,-24.719497680664062,-25.5064754486084,-24.866579055786133,-24.866579055786133,-24.866579055786133,-24.866579055786133,-24.866579055786133,-24.866579055786133,-24.866579055786133,-24.866579055786133,-24.866579055786133,-24.866579055786133,-24.866579055786133,-24.866579055786133,-24.866579055786133,-24.866579055786133,-24.866579055786133,-24.866579055786133,-24.866579055786133,-24.866579055786133,-24.866579055786133,-24.866579055786133,-24.866579055786133,-24.866579055786133,-24.866579055786133,-inf,-inf,-inf,-inf,-inf,-inf,-inf,-inf,-inf,-inf,-inf,-inf,-inf,-inf,-inf,-inf,-inf,-inf,-inf,-inf,-9.017231941223145,-12.913322448730469
