Task,Object_0_aluminium foil,Object_1_anchovy,Object_2_apple,Object_3_arugula,Object_4_bacon,Object_5_baking tray,Object_6_banana,Object_7_banana pudding,Object_8_banana pudding mix,Object_9_basil,Object_10_batter,Object_11_biscuit,Object_12_biscuit dough,Object_13_black bean,Object_14_black pepper,Object_15_blender,Object_16_blender cup,Object_17_blender jar,Object_18_bloody mary,Object_19_bowl,Object_20_bread,Object_21_breadcrumb,Object_22_broccoli,Object_23_brown sugar,Object_24_brownie,Object_25_brownie batter,Object_26_butter,Object_27_cabbage,Object_28_caesar salad,Object_29_canola oil,Object_30_carrot,Object_31_carrot salad,Object_32_cayenne pepper,Object_33_celery,Object_34_celery salt,Object_35_cheddar,Object_36_cheese,Object_37_cheese sauce,Object_38_chili sauce,Object_39_chocolate chip,Object_40_chocolate chip cookie,Object_41_cilantro,Object_42_club sandwich,Object_43_coffee,Object_44_condensed milk,Object_45_cooked salmon,Object_46_cookie dough,Object_47_cooking pan,Object_48_cooking spray,Object_49_coriander,Object_50_crayfish mixture,Object_51_cream,Object_52_cream cheese,Object_53_cucumber,Object_54_cutting board,Object_55_dalgona coffee,Object_56_dill,Object_57_drinking glass,Object_58_egg mixture,Object_59_egg white and yolk,Object_60_egg yolk,Object_61_escarole,Object_62_feta cheese,Object_63_fish mixture,Object_64_flaxseed,Object_65_flour,Object_66_flour mixture,Object_67_food processor,Object_68_food processor bowl,Object_69_fridge,Object_70_garlic,Object_71_garlic bread,Object_72_garlic butter,Object_73_garlic press,Object_74_garlic salt,Object_75_ginger,Object_76_grapeseed oil,Object_77_greek salad dressing,Object_78_green bean,Object_79_grill,Object_80_grilled shrimp,Object_81_ham,Object_82_hash brown,Object_83_heavy cream,Object_84_highball glass,Object_85_hot sauce,Object_86_instant coffee,Object_87_jar,Object_88_lemon,Object_89_lemon extract,Object_90_lemon grass,Object_91_lemon juice,Object_92_macaroni,Object_93_macaroni and cheese,Object_94_matzo,Object_95_mayonnaise,Object_96_microwave,Object_97_milk,Object_98_mixer,Object_99_mixing bowl,Object_100_mozzarella,Object_101_muffin pan,Object_102_mustard,Object_103_oil mixture,Object_104_olive oil,Object_105_onion,Object_106_oven,Object_107_pan,Object_108_pancake mix,Object_109_parchment paper,Object_110_pasta mix,Object_111_pineapple,Object_112_plate,Object_113_pot,Object_114_potato,Object_115_potato mixture,Object_116_powdered sugar,Object_117_protein shake,Object_118_pudding,Object_119_pudding mixture,Object_120_raisin,Object_121_red onion,Object_122_refined sugar,Object_123_relish,Object_124_salad,Object_125_salad bowl,Object_126_salad dressing,Object_127_salad mix,Object_128_salmon,Object_129_salt,Object_130_salt pepper mixture,Object_131_saran wrap,Object_132_sea salt,Object_133_sesame oil,Object_134_shrimp,Object_135_skillet,Object_136_sour cream,Object_137_spring onion,Object_138_stove,Object_139_strawberry,Object_140_sugar,Object_141_sweetener,Object_142_tobasco sauce,Object_143_tomato,Object_144_tomato juice,Object_145_tray,Object_146_tuna,Object_147_tuna sandwich,Object_148_tuna spread,Object_149_turkey,Object_150_vanilla extract,Object_151_vanilla wafer,Object_152_vegetable oil,Object_153_vinegar,Object_154_vodka,Object_155_water,Object_156_water ice,Object_157_whey powder,Object_158_whipped coffee,Object_159_whipped cream,Object_160_worcestershire sauce,Object_161_yogurt,Object_162_0,Object_163_1,Object_164_2,Object_165_3,Object_166_4,Object_167_5,Object_168_6,Object_169_7,Object_170_8,Object_171_9,Object_172_10,Object_173_11,Object_174_12,Object_175_13,Object_176_14,Object_177_15,Object_178_16,Object_179_17,Object_180_18,Object_181_19,Object_182_none,Object_183_<PAD>,State_0_chopped,State_1_cooked,State_2_diced,State_3_exist,State_4_fried,State_5_peeled,State_6_sliced,State_7_none,Relation_on_0_aluminium foil,Relation_on_1_anchovy,Relation_on_2_apple,Relation_on_3_arugula,Relation_on_4_bacon,Relation_on_5_baking tray,Relation_on_6_banana,Relation_on_7_banana pudding,Relation_on_8_banana pudding mix,Relation_on_9_basil,Relation_on_10_batter,Relation_on_11_biscuit,Relation_on_12_biscuit dough,Relation_on_13_black bean,Relation_on_14_black pepper,Relation_on_15_blender,Relation_on_16_blender cup,Relation_on_17_blender jar,Relation_on_18_bloody mary,Relation_on_19_bowl,Relation_on_20_bread,Relation_on_21_breadcrumb,Relation_on_22_broccoli,Relation_on_23_brown sugar,Relation_on_24_brownie,Relation_on_25_brownie batter,Relation_on_26_butter,Relation_on_27_cabbage,Relation_on_28_caesar salad,Relation_on_29_canola oil,Relation_on_30_carrot,Relation_on_31_carrot salad,Relation_on_32_cayenne pepper,Relation_on_33_celery,Relation_on_34_celery salt,Relation_on_35_cheddar,Relation_on_36_cheese,Relation_on_37_cheese sauce,Relation_on_38_chili sauce,Relation_on_39_chocolate chip,Relation_on_40_chocolate chip cookie,Relation_on_41_cilantro,Relation_on_42_club sandwich,Relation_on_43_coffee,Relation_on_44_condensed milk,Relation_on_45_cooked salmon,Relation_on_46_cookie dough,Relation_on_47_cooking pan,Relation_on_48_cooking spray,Relation_on_49_coriander,Relation_on_50_crayfish mixture,Relation_on_51_cream,Relation_on_52_cream cheese,Relation_on_53_cucumber,Relation_on_54_cutting board,Relation_on_55_dalgona coffee,Relation_on_56_dill,Relation_on_57_drinking glass,Relation_on_58_egg mixture,Relation_on_59_egg white and yolk,Relation_on_60_egg yolk,Relation_on_61_escarole,Relation_on_62_feta cheese,Relation_on_63_fish mixture,Relation_on_64_flaxseed,Relation_on_65_flour,Relation_on_66_flour mixture,Relation_on_67_food processor,Relation_on_68_food processor bowl,Relation_on_69_fridge,Relation_on_70_garlic,Relation_on_71_garlic bread,Relation_on_72_garlic butter,Relation_on_73_garlic press,Relation_on_74_garlic salt,Relation_on_75_ginger,Relation_on_76_grapeseed oil,Relation_on_77_greek salad dressing,Relation_on_78_green bean,Relation_on_79_grill,Relation_on_80_grilled shrimp,Relation_on_81_ham,Relation_on_82_hash brown,Relation_on_83_heavy cream,Relation_on_84_highball glass,Relation_on_85_hot sauce,Relation_on_86_instant coffee,Relation_on_87_jar,Relation_on_88_lemon,Relation_on_89_lemon extract,Relation_on_90_lemon grass,Relation_on_91_lemon juice,Relation_on_92_macaroni,Relation_on_93_macaroni and cheese,Relation_on_94_matzo,Relation_on_95_mayonnaise,Relation_on_96_microwave,Relation_on_97_milk,Relation_on_98_mixer,Relation_on_99_mixing bowl,Relation_on_100_mozzarella,Relation_on_101_muffin pan,Relation_on_102_mustard,Relation_on_103_oil mixture,Relation_on_104_olive oil,Relation_on_105_onion,Relation_on_106_oven,Relation_on_107_pan,Relation_on_108_pancake mix,Relation_on_109_parchment paper,Relation_on_110_pasta mix,Relation_on_111_pineapple,Relation_on_112_plate,Relation_on_113_pot,Relation_on_114_potato,Relation_on_115_potato mixture,Relation_on_116_powdered sugar,Relation_on_117_protein shake,Relation_on_118_pudding,Relation_on_119_pudding mixture,Relation_on_120_raisin,Relation_on_121_red onion,Relation_on_122_refined sugar,Relation_on_123_relish,Relation_on_124_salad,Relation_on_125_salad bowl,Relation_on_126_salad dressing,Relation_on_127_salad mix,Relation_on_128_salmon,Relation_on_129_salt,Relation_on_130_salt pepper mixture,Relation_on_131_saran wrap,Relation_on_132_sea salt,Relation_on_133_sesame oil,Relation_on_134_shrimp,Relation_on_135_skillet,Relation_on_136_sour cream,Relation_on_137_spring onion,Relation_on_138_stove,Relation_on_139_strawberry,Relation_on_140_sugar,Relation_on_141_sweetener,Relation_on_142_tobasco sauce,Relation_on_143_tomato,Relation_on_144_tomato juice,Relation_on_145_tray,Relation_on_146_tuna,Relation_on_147_tuna sandwich,Relation_on_148_tuna spread,Relation_on_149_turkey,Relation_on_150_vanilla extract,Relation_on_151_vanilla wafer,Relation_on_152_vegetable oil,Relation_on_153_vinegar,Relation_on_154_vodka,Relation_on_155_water,Relation_on_156_water ice,Relation_on_157_whey powder,Relation_on_158_whipped coffee,Relation_on_159_whipped cream,Relation_on_160_worcestershire sauce,Relation_on_161_yogurt,Relation_on_162_0,Relation_on_163_1,Relation_on_164_2,Relation_on_165_3,Relation_on_166_4,Relation_on_167_5,Relation_on_168_6,Relation_on_169_7,Relation_on_170_8,Relation_on_171_9,Relation_on_172_10,Relation_on_173_11,Relation_on_174_12,Relation_on_175_13,Relation_on_176_14,Relation_on_177_15,Relation_on_178_16,Relation_on_179_17,Relation_on_180_18,Relation_on_181_19,Relation_on_182_none,Relation_on_183_<PAD>,Relation_in_0_aluminium foil,Relation_in_1_anchovy,Relation_in_2_apple,Relation_in_3_arugula,Relation_in_4_bacon,Relation_in_5_baking tray,Relation_in_6_banana,Relation_in_7_banana pudding,Relation_in_8_banana pudding mix,Relation_in_9_basil,Relation_in_10_batter,Relation_in_11_biscuit,Relation_in_12_biscuit dough,Relation_in_13_black bean,Relation_in_14_black pepper,Relation_in_15_blender,Relation_in_16_blender cup,Relation_in_17_blender jar,Relation_in_18_bloody mary,Relation_in_19_bowl,Relation_in_20_bread,Relation_in_21_breadcrumb,Relation_in_22_broccoli,Relation_in_23_brown sugar,Relation_in_24_brownie,Relation_in_25_brownie batter,Relation_in_26_butter,Relation_in_27_cabbage,Relation_in_28_caesar salad,Relation_in_29_canola oil,Relation_in_30_carrot,Relation_in_31_carrot salad,Relation_in_32_cayenne pepper,Relation_in_33_celery,Relation_in_34_celery salt,Relation_in_35_cheddar,Relation_in_36_cheese,Relation_in_37_cheese sauce,Relation_in_38_chili sauce,Relation_in_39_chocolate chip,Relation_in_40_chocolate chip cookie,Relation_in_41_cilantro,Relation_in_42_club sandwich,Relation_in_43_coffee,Relation_in_44_condensed milk,Relation_in_45_cooked salmon,Relation_in_46_cookie dough,Relation_in_47_cooking pan,Relation_in_48_cooking spray,Relation_in_49_coriander,Relation_in_50_crayfish mixture,Relation_in_51_cream,Relation_in_52_cream cheese,Relation_in_53_cucumber,Relation_in_54_cutting board,Relation_in_55_dalgona coffee,Relation_in_56_dill,Relation_in_57_drinking glass,Relation_in_58_egg mixture,Relation_in_59_egg white and yolk,Relation_in_60_egg yolk,Relation_in_61_escarole,Relation_in_62_feta cheese,Relation_in_63_fish mixture,Relation_in_64_flaxseed,Relation_in_65_flour,Relation_in_66_flour mixture,Relation_in_67_food processor,Relation_in_68_food processor bowl,Relation_in_69_fridge,Relation_in_70_garlic,Relation_in_71_garlic bread,Relation_in_72_garlic butter,Relation_in_73_garlic press,Relation_in_74_garlic salt,Relation_in_75_ginger,Relation_in_76_grapeseed oil,Relation_in_77_greek salad dressing,Relation_in_78_green bean,Relation_in_79_grill,Relation_in_80_grilled shrimp,Relation_in_81_ham,Relation_in_82_hash brown,Relation_in_83_heavy cream,Relation_in_84_highball glass,Relation_in_85_hot sauce,Relation_in_86_instant coffee,Relation_in_87_jar,Relation_in_88_lemon,Relation_in_89_lemon extract,Relation_in_90_lemon grass,Relation_in_91_lemon juice,Relation_in_92_macaroni,Relation_in_93_macaroni and cheese,Relation_in_94_matzo,Relation_in_95_mayonnaise,Relation_in_96_microwave,Relation_in_97_milk,Relation_in_98_mixer,Relation_in_99_mixing bowl,Relation_in_100_mozzarella,Relation_in_101_muffin pan,Relation_in_102_mustard,Relation_in_103_oil mixture,Relation_in_104_olive oil,Relation_in_105_onion,Relation_in_106_oven,Relation_in_107_pan,Relation_in_108_pancake mix,Relation_in_109_parchment paper,Relation_in_110_pasta mix,Relation_in_111_pineapple,Relation_in_112_plate,Relation_in_113_pot,Relation_in_114_potato,Relation_in_115_potato mixture,Relation_in_116_powdered sugar,Relation_in_117_protein shake,Relation_in_118_pudding,Relation_in_119_pudding mixture,Relation_in_120_raisin,Relation_in_121_red onion,Relation_in_122_refined sugar,Relation_in_123_relish,Relation_in_124_salad,Relation_in_125_salad bowl,Relation_in_126_salad dressing,Relation_in_127_salad mix,Relation_in_128_salmon,Relation_in_129_salt,Relation_in_130_salt pepper mixture,Relation_in_131_saran wrap,Relation_in_132_sea salt,Relation_in_133_sesame oil,Relation_in_134_shrimp,Relation_in_135_skillet,Relation_in_136_sour cream,Relation_in_137_spring onion,Relation_in_138_stove,Relation_in_139_strawberry,Relation_in_140_sugar,Relation_in_141_sweetener,Relation_in_142_tobasco sauce,Relation_in_143_tomato,Relation_in_144_tomato juice,Relation_in_145_tray,Relation_in_146_tuna,Relation_in_147_tuna sandwich,Relation_in_148_tuna spread,Relation_in_149_turkey,Relation_in_150_vanilla extract,Relation_in_151_vanilla wafer,Relation_in_152_vegetable oil,Relation_in_153_vinegar,Relation_in_154_vodka,Relation_in_155_water,Relation_in_156_water ice,Relation_in_157_whey powder,Relation_in_158_whipped coffee,Relation_in_159_whipped cream,Relation_in_160_worcestershire sauce,Relation_in_161_yogurt,Relation_in_162_0,Relation_in_163_1,Relation_in_164_2,Relation_in_165_3,Relation_in_166_4,Relation_in_167_5,Relation_in_168_6,Relation_in_169_7,Relation_in_170_8,Relation_in_171_9,Relation_in_172_10,Relation_in_173_11,Relation_in_174_12,Relation_in_175_13,Relation_in_176_14,Relation_in_177_15,Relation_in_178_16,Relation_in_179_17,Relation_in_180_18,Relation_in_181_19,Relation_in_182_none,Relation_in_183_<PAD>
1,-14.86956787109375,-14.86956787109375,-14.86956787109375,-14.86956787109375,-14.86956787109375,-14.86956787109375,-14.86956787109375,-14.86956787109375,-14.86956787109375,-14.86956787109375,-14.86956787109375,-14.86956787109375,-14.86956787109375,-14.86956787109375,-14.86956787109375,-14.86956787109375,-14.86956787109375,-14.86956787109375,-14.86956787109375,-14.86956787109375,-14.86956787109375,-14.86956787109375,-14.86956787109375,-14.86956787109375,-14.86956787109375,-14.86956787109375,-14.86956787109375,-14.86956787109375,-14.86956787109375,-14.86956787109375,-14.86956787109375,-14.86956787109375,-14.86956787109375,-14.86956787109375,-14.86956787109375,-14.86956787109375,-14.86956787109375,-14.86956787109375,-14.86956787109375,-14.86956787109375,-14.86956787109375,-14.86956787109375,-14.86956787109375,-12.94161605834961,-14.86956787109375,-14.86956787109375,-14.86956787109375,-14.86956787109375,-14.86956787109375,-14.86956787109375,-14.86956787109375,-14.86956787109375,-14.86956787109375,-14.86956787109375,-14.86956787109375,-11.62392520904541,-14.86956787109375,-15.133299827575684,-14.86956787109375,-14.86956787109375,-14.86956787109375,-14.86956787109375,-14.86956787109375,-14.86956787109375,-14.86956787109375,-14.86956787109375,-14.86956787109375,-14.86956787109375,-14.86956787109375,-14.86956787109375,-14.86956787109375,-14.86956787109375,-14.86956787109375,-14.86956787109375,-14.86956787109375,-14.86956787109375,-14.86956787109375,-14.86956787109375,-14.86956787109375,-14.86956787109375,-14.86956787109375,-14.86956787109375,-14.86956787109375,-14.86956787109375,-14.86956787109375,-14.86956787109375,-15.753488540649414,-14.86956787109375,-14.86956787109375,-14.86956787109375,-14.86956787109375,-14.86956787109375,-14.86956787109375,-14.86956787109375,-14.86956787109375,-14.86956787109375,-14.86956787109375,-12.510978698730469,-14.86956787109375,-15.439619064331055,-14.86956787109375,-14.86956787109375,-14.86956787109375,-14.86956787109375,-14.86956787109375,-14.86956787109375,-14.86956787109375,-14.86956787109375,-14.86956787109375,-14.86956787109375,-14.86956787109375,-14.86956787109375,-14.86956787109375,-14.86956787109375,-14.86956787109375,-14.86956787109375,-5.497206687927246,-14.86956787109375,-14.86956787109375,-14.86956787109375,-14.86956787109375,-14.86956787109375,-14.86956787109375,-14.86956787109375,-14.86956787109375,-14.86956787109375,-14.86956787109375,-14.86956787109375,-14.86956787109375,-14.86956787109375,-14.86956787109375,-14.86956787109375,-14.86956787109375,-14.86956787109375,-14.86956787109375,-14.86956787109375,-14.86956787109375,-14.86956787109375,-14.86956787109375,-14.86956787109375,-14.86956787109375,-14.86956787109375,-14.86956787109375,-14.86956787109375,-14.86956787109375,-14.86956787109375,-14.86956787109375,-14.86956787109375,-14.86956787109375,-14.86956787109375,-14.86956787109375,-14.86956787109375,-14.86956787109375,-14.86956787109375,-14.86956787109375,-0.004379087593406439,-8.574332237243652,-14.86956787109375,-13.772615432739258,-14.86956787109375,-14.86956787109375,-14.86956787109375,-inf,-inf,-inf,-inf,-inf,-inf,-inf,-inf,-inf,-inf,-inf,-inf,-inf,-inf,-inf,-inf,-inf,-inf,-inf,-inf,-14.86956787109375,-12.137640953063965,-11.403509140014648,-5.868302345275879,-10.745756149291992,-8.450499534606934,-10.384675025939941,-11.286541938781738,-12.160590171813965,-10.34335994720459,-21.7478084564209,-21.7478084564209,-21.7478084564209,-21.7478084564209,-21.7478084564209,-21.7478084564209,-21.7478084564209,-21.7478084564209,-21.7478084564209,-21.7478084564209,-21.7478084564209,-21.7478084564209,-21.7478084564209,-21.7478084564209,-21.7478084564209,-21.7478084564209,-21.7478084564209,-21.7478084564209,-21.7478084564209,-21.7478084564209,-21.7478084564209,-21.7478084564209,-21.7478084564209,-21.7478084564209,-21.7478084564209,-21.7478084564209,-21.7478084564209,-21.7478084564209,-21.7478084564209,-21.7478084564209,-21.7478084564209,-21.7478084564209,-21.7478084564209,-21.7478084564209,-21.7478084564209,-21.7478084564209,-21.7478084564209,-21.7478084564209,-21.7478084564209,-21.7478084564209,-21.7478084564209,-21.7478084564209,-21.7478084564209,-21.58449935913086,-21.7478084564209,-21.7478084564209,-21.7478084564209,-21.7478084564209,-21.7478084564209,-21.7478084564209,-21.7478084564209,-21.7478084564209,-21.7478084564209,-21.7478084564209,-21.7478084564209,-22.04013442993164,-21.7478084564209,-22.175626754760742,-21.7478084564209,-21.7478084564209,-21.7478084564209,-21.7478084564209,-21.7478084564209,-21.7478084564209,-21.7478084564209,-21.7478084564209,-21.7478084564209,-21.7478084564209,-21.7478084564209,-21.7478084564209,-21.7478084564209,-21.7478084564209,-21.7478084564209,-21.7478084564209,-21.7478084564209,-21.7478084564209,-21.7478084564209,-21.7478084564209,-21.7478084564209,-21.7478084564209,-21.7478084564209,-21.7478084564209,-21.7478084564209,-21.7478084564209,-21.7478084564209,-21.7478084564209,-21.618043899536133,-21.7478084564209,-21.7478084564209,-21.7478084564209,-21.7478084564209,-21.7478084564209,-21.7478084564209,-21.7478084564209,-21.7478084564209,-21.7478084564209,-21.7478084564209,-22.484569549560547,-21.7478084564209,-21.641809463500977,-21.7478084564209,-21.7478084564209,-21.7478084564209,-21.7478084564209,-21.7478084564209,-21.7478084564209,-21.7478084564209,-21.7478084564209,-21.7478084564209,-21.7478084564209,-21.7478084564209,-21.7478084564209,-21.7478084564209,-21.7478084564209,-21.7478084564209,-21.7478084564209,-21.624107360839844,-21.7478084564209,-21.7478084564209,-21.7478084564209,-21.7478084564209,-21.7478084564209,-21.7478084564209,-21.7478084564209,-21.7478084564209,-21.7478084564209,-21.7478084564209,-21.7478084564209,-21.7478084564209,-21.7478084564209,-21.7478084564209,-21.7478084564209,-21.7478084564209,-21.7478084564209,-21.7478084564209,-21.7478084564209,-21.7478084564209,-21.7478084564209,-21.7478084564209,-21.7478084564209,-21.7478084564209,-21.7478084564209,-21.7478084564209,-21.7478084564209,-21.7478084564209,-21.7478084564209,-21.7478084564209,-21.7478084564209,-21.7478084564209,-21.7478084564209,-21.7478084564209,-21.7478084564209,-21.7478084564209,-21.7478084564209,-21.7478084564209,-21.892133712768555,-21.90428352355957,-21.7478084564209,-21.612529754638672,-21.7478084564209,-21.7478084564209,-21.7478084564209,-inf,-inf,-inf,-inf,-inf,-inf,-inf,-inf,-inf,-inf,-inf,-inf,-inf,-inf,-inf,-inf,-inf,-inf,-inf,-inf,-1.1920922133867862e-06,-13.688035011291504,-17.2266845703125,-17.2266845703125,-17.2266845703125,-17.2266845703125,-17.2266845703125,-17.2266845703125,-17.2266845703125,-17.2266845703125,-17.2266845703125,-17.2266845703125,-17.2266845703125,-17.2266845703125,-17.2266845703125,-17.2266845703125,-17.2266845703125,-17.2266845703125,-17.2266845703125,-17.2266845703125,-17.2266845703125,-17.2266845703125,-17.2266845703125,-17.2266845703125,-17.2266845703125,-17.2266845703125,-17.2266845703125,-17.2266845703125,-17.2266845703125,-17.2266845703125,-17.2266845703125,-17.2266845703125,-17.2266845703125,-17.2266845703125,-17.2266845703125,-17.2266845703125,-17.2266845703125,-17.2266845703125,-17.2266845703125,-17.2266845703125,-17.2266845703125,-17.2266845703125,-17.2266845703125,-17.2266845703125,-17.2266845703125,-17.233789443969727,-17.2266845703125,-17.2266845703125,-17.2266845703125,-17.2266845703125,-17.2266845703125,-17.2266845703125,-17.2266845703125,-17.2266845703125,-17.2266845703125,-17.2266845703125,-17.2266845703125,-17.29422378540039,-17.2266845703125,-9.714059829711914,-17.2266845703125,-17.2266845703125,-17.2266845703125,-17.2266845703125,-17.2266845703125,-17.2266845703125,-17.2266845703125,-17.2266845703125,-17.2266845703125,-17.2266845703125,-17.2266845703125,-17.2266845703125,-17.2266845703125,-17.2266845703125,-17.2266845703125,-17.2266845703125,-17.2266845703125,-17.2266845703125,-17.2266845703125,-17.2266845703125,-17.2266845703125,-17.2266845703125,-17.2266845703125,-17.2266845703125,-17.2266845703125,-17.2266845703125,-17.2266845703125,-17.2266845703125,-17.328779220581055,-17.2266845703125,-17.2266845703125,-17.2266845703125,-17.2266845703125,-17.2266845703125,-17.2266845703125,-17.2266845703125,-17.2266845703125,-17.2266845703125,-17.2266845703125,-17.01243019104004,-17.2266845703125,-0.00014304091746453196,-17.2266845703125,-17.2266845703125,-17.2266845703125,-17.2266845703125,-17.2266845703125,-17.2266845703125,-17.2266845703125,-17.2266845703125,-17.2266845703125,-17.2266845703125,-17.2266845703125,-17.2266845703125,-17.2266845703125,-17.2266845703125,-17.2266845703125,-17.2266845703125,-17.546123504638672,-17.2266845703125,-17.2266845703125,-17.2266845703125,-17.2266845703125,-17.2266845703125,-17.2266845703125,-17.2266845703125,-17.2266845703125,-17.2266845703125,-17.2266845703125,-17.2266845703125,-17.2266845703125,-17.2266845703125,-17.2266845703125,-17.2266845703125,-17.2266845703125,-17.2266845703125,-17.2266845703125,-17.2266845703125,-17.2266845703125,-17.2266845703125,-17.2266845703125,-17.2266845703125,-17.2266845703125,-17.2266845703125,-17.2266845703125,-17.2266845703125,-17.2266845703125,-17.2266845703125,-17.2266845703125,-17.2266845703125,-17.2266845703125,-17.2266845703125,-17.2266845703125,-17.2266845703125,-17.2266845703125,-17.2266845703125,-17.2266845703125,-17.32984733581543,-17.80678939819336,-17.2266845703125,-17.31192398071289,-17.2266845703125,-17.2266845703125,-17.2266845703125,-inf,-inf,-inf,-inf,-inf,-inf,-inf,-inf,-inf,-inf,-inf,-inf,-inf,-inf,-inf,-inf,-inf,-inf,-inf,-inf,-10.506092071533203,-9.919919967651367
2,-22.596323013305664,-22.596323013305664,-22.596323013305664,-22.596323013305664,-22.596323013305664,-22.596323013305664,-22.596323013305664,-22.596323013305664,-22.596323013305664,-22.596323013305664,-22.596323013305664,-22.596323013305664,-22.596323013305664,-22.596323013305664,-22.596323013305664,-22.596323013305664,-22.596323013305664,-22.596323013305664,-22.596323013305664,-22.596323013305664,-22.596323013305664,-22.596323013305664,-22.596323013305664,-22.596323013305664,-22.596323013305664,-22.596323013305664,-22.596323013305664,-22.596323013305664,-22.596323013305664,-22.596323013305664,-22.596323013305664,-22.596323013305664,-22.596323013305664,-22.596323013305664,-22.596323013305664,-22.596323013305664,-22.596323013305664,-22.596323013305664,-22.596323013305664,-22.596323013305664,-22.596323013305664,-22.596323013305664,-22.596323013305664,-21.07441520690918,-22.596323013305664,-22.596323013305664,-22.596323013305664,-22.596323013305664,-22.596323013305664,-22.596323013305664,-22.596323013305664,-22.596323013305664,-22.596323013305664,-22.596323013305664,-22.596323013305664,-20.8154354095459,-22.596323013305664,-22.99477767944336,-22.596323013305664,-22.596323013305664,-22.596323013305664,-22.596323013305664,-22.596323013305664,-22.596323013305664,-22.596323013305664,-22.596323013305664,-22.596323013305664,-22.596323013305664,-22.596323013305664,-22.596323013305664,-22.596323013305664,-22.596323013305664,-22.596323013305664,-22.596323013305664,-22.596323013305664,-22.596323013305664,-22.596323013305664,-22.596323013305664,-22.596323013305664,-22.596323013305664,-22.596323013305664,-22.596323013305664,-22.596323013305664,-22.596323013305664,-22.596323013305664,-22.596323013305664,-0.008645959198474884,-22.596323013305664,-22.596323013305664,-22.596323013305664,-22.596323013305664,-22.596323013305664,-22.596323013305664,-22.596323013305664,-22.596323013305664,-22.596323013305664,-22.596323013305664,-50.083160400390625,-22.596323013305664,-23.245315551757812,-22.596323013305664,-22.596323013305664,-22.596323013305664,-22.596323013305664,-22.596323013305664,-22.596323013305664,-22.596323013305664,-22.596323013305664,-22.596323013305664,-22.596323013305664,-22.596323013305664,-22.596323013305664,-22.596323013305664,-22.596323013305664,-22.596323013305664,-22.596323013305664,-4.755258560180664,-22.596323013305664,-22.596323013305664,-22.596323013305664,-22.596323013305664,-22.596323013305664,-22.596323013305664,-22.596323013305664,-22.596323013305664,-22.596323013305664,-22.596323013305664,-22.596323013305664,-22.596323013305664,-22.596323013305664,-22.596323013305664,-22.596323013305664,-22.596323013305664,-22.596323013305664,-22.596323013305664,-22.596323013305664,-22.596323013305664,-22.596323013305664,-22.596323013305664,-22.596323013305664,-22.596323013305664,-22.596323013305664,-22.596323013305664,-22.596323013305664,-22.596323013305664,-22.596323013305664,-22.596323013305664,-22.596323013305664,-22.596323013305664,-22.596323013305664,-22.596323013305664,-22.596323013305664,-22.596323013305664,-22.596323013305664,-22.596323013305664,-15.590408325195312,-28.927082061767578,-22.596323013305664,-13.075157165527344,-22.596323013305664,-22.596323013305664,-22.596323013305664,-inf,-inf,-inf,-inf,-inf,-inf,-inf,-inf,-inf,-inf,-inf,-inf,-inf,-inf,-inf,-inf,-inf,-inf,-inf,-inf,-22.596323013305664,-18.653072357177734,-10.657514572143555,-9.295416831970215,-11.932043075561523,-7.300194263458252,-6.928621292114258,-12.580306053161621,-12.532244682312012,-10.914044380187988,-22.869321823120117,-22.869321823120117,-22.869321823120117,-22.869321823120117,-22.869321823120117,-22.869321823120117,-22.869321823120117,-22.869321823120117,-22.869321823120117,-22.869321823120117,-22.869321823120117,-22.869321823120117,-22.869321823120117,-22.869321823120117,-22.869321823120117,-22.869321823120117,-22.869321823120117,-22.869321823120117,-22.869321823120117,-22.869321823120117,-22.869321823120117,-22.869321823120117,-22.869321823120117,-22.869321823120117,-22.869321823120117,-22.869321823120117,-22.869321823120117,-22.869321823120117,-22.869321823120117,-22.869321823120117,-22.869321823120117,-22.869321823120117,-22.869321823120117,-22.869321823120117,-22.869321823120117,-22.869321823120117,-22.869321823120117,-22.869321823120117,-22.869321823120117,-22.869321823120117,-22.869321823120117,-22.869321823120117,-22.869321823120117,-22.339027404785156,-22.869321823120117,-22.869321823120117,-22.869321823120117,-22.869321823120117,-22.869321823120117,-22.869321823120117,-22.869321823120117,-22.869321823120117,-22.869321823120117,-22.869321823120117,-22.869321823120117,-23.314674377441406,-22.869321823120117,-23.111572265625,-22.869321823120117,-22.869321823120117,-22.869321823120117,-22.869321823120117,-22.869321823120117,-22.869321823120117,-22.869321823120117,-22.869321823120117,-22.869321823120117,-22.869321823120117,-22.869321823120117,-22.869321823120117,-22.869321823120117,-22.869321823120117,-22.869321823120117,-22.869321823120117,-22.869321823120117,-22.869321823120117,-22.869321823120117,-22.869321823120117,-22.869321823120117,-22.869321823120117,-22.869321823120117,-22.869321823120117,-22.869321823120117,-22.869321823120117,-22.869321823120117,-22.869321823120117,-22.75259780883789,-22.869321823120117,-22.869321823120117,-22.869321823120117,-22.869321823120117,-22.869321823120117,-22.869321823120117,-22.869321823120117,-22.869321823120117,-22.869321823120117,-22.869321823120117,-23.326440811157227,-22.869321823120117,-23.003808975219727,-22.869321823120117,-22.869321823120117,-22.869321823120117,-22.869321823120117,-22.869321823120117,-22.869321823120117,-22.869321823120117,-22.869321823120117,-22.869321823120117,-22.869321823120117,-22.869321823120117,-22.869321823120117,-22.869321823120117,-22.869321823120117,-22.869321823120117,-22.869321823120117,-22.425745010375977,-22.869321823120117,-22.869321823120117,-22.869321823120117,-22.869321823120117,-22.869321823120117,-22.869321823120117,-22.869321823120117,-22.869321823120117,-22.869321823120117,-22.869321823120117,-22.869321823120117,-22.869321823120117,-22.869321823120117,-22.869321823120117,-22.869321823120117,-22.869321823120117,-22.869321823120117,-22.869321823120117,-22.869321823120117,-22.869321823120117,-22.869321823120117,-22.869321823120117,-22.869321823120117,-22.869321823120117,-22.869321823120117,-22.869321823120117,-22.869321823120117,-22.869321823120117,-22.869321823120117,-22.869321823120117,-22.869321823120117,-22.869321823120117,-22.869321823120117,-22.869321823120117,-22.869321823120117,-22.869321823120117,-22.869321823120117,-22.869321823120117,-22.642038345336914,-23.092041015625,-22.869321823120117,-23.045028686523438,-22.869321823120117,-22.869321823120117,-22.869321823120117,-inf,-inf,-inf,-inf,-inf,-inf,-inf,-inf,-inf,-inf,-inf,-inf,-inf,-inf,-inf,-inf,-inf,-inf,-inf,-inf,-1.0728830375228426e-06,-13.770757675170898,-20.5826416015625,-20.5826416015625,-20.5826416015625,-20.5826416015625,-20.5826416015625,-20.5826416015625,-20.5826416015625,-20.5826416015625,-20.5826416015625,-20.5826416015625,-20.5826416015625,-20.5826416015625,-20.5826416015625,-20.5826416015625,-20.5826416015625,-20.5826416015625,-20.5826416015625,-20.5826416015625,-20.5826416015625,-20.5826416015625,-20.5826416015625,-20.5826416015625,-20.5826416015625,-20.5826416015625,-20.5826416015625,-20.5826416015625,-20.5826416015625,-20.5826416015625,-20.5826416015625,-20.5826416015625,-20.5826416015625,-20.5826416015625,-20.5826416015625,-20.5826416015625,-20.5826416015625,-20.5826416015625,-20.5826416015625,-20.5826416015625,-20.5826416015625,-20.5826416015625,-20.5826416015625,-20.5826416015625,-20.5826416015625,-20.138870239257812,-20.5826416015625,-20.5826416015625,-20.5826416015625,-20.5826416015625,-20.5826416015625,-20.5826416015625,-20.5826416015625,-20.5826416015625,-20.5826416015625,-20.5826416015625,-20.5826416015625,-20.111326217651367,-20.5826416015625,-13.084739685058594,-20.5826416015625,-20.5826416015625,-20.5826416015625,-20.5826416015625,-20.5826416015625,-20.5826416015625,-20.5826416015625,-20.5826416015625,-20.5826416015625,-20.5826416015625,-20.5826416015625,-20.5826416015625,-20.5826416015625,-20.5826416015625,-20.5826416015625,-20.5826416015625,-20.5826416015625,-20.5826416015625,-20.5826416015625,-20.5826416015625,-20.5826416015625,-20.5826416015625,-20.5826416015625,-20.5826416015625,-20.5826416015625,-20.5826416015625,-20.5826416015625,-20.5826416015625,-20.016071319580078,-20.5826416015625,-20.5826416015625,-20.5826416015625,-20.5826416015625,-20.5826416015625,-20.5826416015625,-20.5826416015625,-20.5826416015625,-20.5826416015625,-20.5826416015625,-20.70530891418457,-20.5826416015625,-9.417489309271332e-06,-20.5826416015625,-20.5826416015625,-20.5826416015625,-20.5826416015625,-20.5826416015625,-20.5826416015625,-20.5826416015625,-20.5826416015625,-20.5826416015625,-20.5826416015625,-20.5826416015625,-20.5826416015625,-20.5826416015625,-20.5826416015625,-20.5826416015625,-20.5826416015625,-20.746471405029297,-20.5826416015625,-20.5826416015625,-20.5826416015625,-20.5826416015625,-20.5826416015625,-20.5826416015625,-20.5826416015625,-20.5826416015625,-20.5826416015625,-20.5826416015625,-20.5826416015625,-20.5826416015625,-20.5826416015625,-20.5826416015625,-20.5826416015625,-20.5826416015625,-20.5826416015625,-20.5826416015625,-20.5826416015625,-20.5826416015625,-20.5826416015625,-20.5826416015625,-20.5826416015625,-20.5826416015625,-20.5826416015625,-20.5826416015625,-20.5826416015625,-20.5826416015625,-20.5826416015625,-20.5826416015625,-20.5826416015625,-20.5826416015625,-20.5826416015625,-20.5826416015625,-20.5826416015625,-20.5826416015625,-20.5826416015625,-20.5826416015625,-20.44419288635254,-21.00920867919922,-20.5826416015625,-20.764633178710938,-20.5826416015625,-20.5826416015625,-20.5826416015625,-inf,-inf,-inf,-inf,-inf,-inf,-inf,-inf,-inf,-inf,-inf,-inf,-inf,-inf,-inf,-inf,-inf,-inf,-inf,-inf,-12.37452220916748,-12.728135108947754
3,-17.295623779296875,-17.295623779296875,-17.295623779296875,-17.295623779296875,-17.295623779296875,-17.295623779296875,-17.295623779296875,-17.295623779296875,-17.295623779296875,-17.295623779296875,-17.295623779296875,-17.295623779296875,-17.295623779296875,-17.295623779296875,-17.295623779296875,-17.295623779296875,-17.295623779296875,-17.295623779296875,-17.295623779296875,-17.295623779296875,-17.295623779296875,-17.295623779296875,-17.295623779296875,-17.295623779296875,-17.295623779296875,-17.295623779296875,-17.295623779296875,-17.295623779296875,-17.295623779296875,-17.295623779296875,-17.295623779296875,-17.295623779296875,-17.295623779296875,-17.295623779296875,-17.295623779296875,-17.295623779296875,-17.295623779296875,-17.295623779296875,-17.295623779296875,-17.295623779296875,-17.295623779296875,-17.295623779296875,-17.295623779296875,-7.712894439697266,-17.295623779296875,-17.295623779296875,-17.295623779296875,-17.295623779296875,-17.295623779296875,-17.295623779296875,-17.295623779296875,-17.295623779296875,-17.295623779296875,-17.295623779296875,-17.295623779296875,-16.997699737548828,-17.295623779296875,-17.746185302734375,-17.295623779296875,-17.295623779296875,-17.295623779296875,-17.295623779296875,-17.295623779296875,-17.295623779296875,-17.295623779296875,-17.295623779296875,-17.295623779296875,-17.295623779296875,-17.295623779296875,-17.295623779296875,-17.295623779296875,-17.295623779296875,-17.295623779296875,-17.295623779296875,-17.295623779296875,-17.295623779296875,-17.295623779296875,-17.295623779296875,-17.295623779296875,-17.295623779296875,-17.295623779296875,-17.295623779296875,-17.295623779296875,-17.295623779296875,-17.295623779296875,-17.295623779296875,-3.832094430923462,-17.295623779296875,-17.295623779296875,-17.295623779296875,-17.295623779296875,-17.295623779296875,-17.295623779296875,-17.295623779296875,-17.295623779296875,-17.295623779296875,-17.295623779296875,-23.513357162475586,-17.295623779296875,-17.897062301635742,-17.295623779296875,-17.295623779296875,-17.295623779296875,-17.295623779296875,-17.295623779296875,-17.295623779296875,-17.295623779296875,-17.295623779296875,-17.295623779296875,-17.295623779296875,-17.295623779296875,-17.295623779296875,-17.295623779296875,-17.295623779296875,-17.295623779296875,-17.295623779296875,-0.04034256190061569,-17.295623779296875,-17.295623779296875,-17.295623779296875,-17.295623779296875,-17.295623779296875,-17.295623779296875,-17.295623779296875,-17.295623779296875,-17.295623779296875,-17.295623779296875,-17.295623779296875,-17.295623779296875,-17.295623779296875,-17.295623779296875,-17.295623779296875,-17.295623779296875,-17.295623779296875,-17.295623779296875,-17.295623779296875,-17.295623779296875,-17.295623779296875,-17.295623779296875,-17.295623779296875,-17.295623779296875,-17.295623779296875,-17.295623779296875,-17.295623779296875,-17.295623779296875,-17.295623779296875,-17.295623779296875,-17.295623779296875,-17.295623779296875,-17.295623779296875,-17.295623779296875,-17.295623779296875,-17.295623779296875,-17.295623779296875,-17.295623779296875,-4.093789100646973,-14.340861320495605,-17.295623779296875,-7.202455520629883,-17.295623779296875,-17.295623779296875,-17.295623779296875,-inf,-inf,-inf,-inf,-inf,-inf,-inf,-inf,-inf,-inf,-inf,-inf,-inf,-inf,-inf,-inf,-inf,-inf,-inf,-inf,-17.295623779296875,-13.231643676757812,-13.04857063293457,-12.725339889526367,-15.850444793701172,-10.62745189666748,-11.527713775634766,-16.30131721496582,-14.281864166259766,-12.79185962677002,-21.103612899780273,-21.103612899780273,-21.103612899780273,-21.103612899780273,-21.103612899780273,-21.103612899780273,-21.103612899780273,-21.103612899780273,-21.103612899780273,-21.103612899780273,-21.103612899780273,-21.103612899780273,-21.103612899780273,-21.103612899780273,-21.103612899780273,-21.103612899780273,-21.103612899780273,-21.103612899780273,-21.103612899780273,-21.103612899780273,-21.103612899780273,-21.103612899780273,-21.103612899780273,-21.103612899780273,-21.103612899780273,-21.103612899780273,-21.103612899780273,-21.103612899780273,-21.103612899780273,-21.103612899780273,-21.103612899780273,-21.103612899780273,-21.103612899780273,-21.103612899780273,-21.103612899780273,-21.103612899780273,-21.103612899780273,-21.103612899780273,-21.103612899780273,-21.103612899780273,-21.103612899780273,-21.103612899780273,-21.103612899780273,-20.96904945373535,-21.103612899780273,-21.103612899780273,-21.103612899780273,-21.103612899780273,-21.103612899780273,-21.103612899780273,-21.103612899780273,-21.103612899780273,-21.103612899780273,-21.103612899780273,-21.103612899780273,-21.842592239379883,-21.103612899780273,-20.979095458984375,-21.103612899780273,-21.103612899780273,-21.103612899780273,-21.103612899780273,-21.103612899780273,-21.103612899780273,-21.103612899780273,-21.103612899780273,-21.103612899780273,-21.103612899780273,-21.103612899780273,-21.103612899780273,-21.103612899780273,-21.103612899780273,-21.103612899780273,-21.103612899780273,-21.103612899780273,-21.103612899780273,-21.103612899780273,-21.103612899780273,-21.103612899780273,-21.103612899780273,-21.103612899780273,-21.103612899780273,-21.103612899780273,-21.103612899780273,-21.103612899780273,-21.103612899780273,-21.104991912841797,-21.103612899780273,-21.103612899780273,-21.103612899780273,-21.103612899780273,-21.103612899780273,-21.103612899780273,-21.103612899780273,-21.103612899780273,-21.103612899780273,-21.103612899780273,-21.27440071105957,-21.103612899780273,-21.474254608154297,-21.103612899780273,-21.103612899780273,-21.103612899780273,-21.103612899780273,-21.103612899780273,-21.103612899780273,-21.103612899780273,-21.103612899780273,-21.103612899780273,-21.103612899780273,-21.103612899780273,-21.103612899780273,-21.103612899780273,-21.103612899780273,-21.103612899780273,-21.103612899780273,-20.573001861572266,-21.103612899780273,-21.103612899780273,-21.103612899780273,-21.103612899780273,-21.103612899780273,-21.103612899780273,-21.103612899780273,-21.103612899780273,-21.103612899780273,-21.103612899780273,-21.103612899780273,-21.103612899780273,-21.103612899780273,-21.103612899780273,-21.103612899780273,-21.103612899780273,-21.103612899780273,-21.103612899780273,-21.103612899780273,-21.103612899780273,-21.103612899780273,-21.103612899780273,-21.103612899780273,-21.103612899780273,-21.103612899780273,-21.103612899780273,-21.103612899780273,-21.103612899780273,-21.103612899780273,-21.103612899780273,-21.103612899780273,-21.103612899780273,-21.103612899780273,-21.103612899780273,-21.103612899780273,-21.103612899780273,-21.103612899780273,-21.103612899780273,-21.39644432067871,-21.03362464904785,-21.103612899780273,-21.68072509765625,-21.103612899780273,-21.103612899780273,-21.103612899780273,-inf,-inf,-inf,-inf,-inf,-inf,-inf,-inf,-inf,-inf,-inf,-inf,-inf,-inf,-inf,-inf,-inf,-inf,-inf,-inf,-1.4305104514278355e-06,-13.477849960327148,-21.024141311645508,-21.024141311645508,-21.024141311645508,-21.024141311645508,-21.024141311645508,-21.024141311645508,-21.024141311645508,-21.024141311645508,-21.024141311645508,-21.024141311645508,-21.024141311645508,-21.024141311645508,-21.024141311645508,-21.024141311645508,-21.024141311645508,-21.024141311645508,-21.024141311645508,-21.024141311645508,-21.024141311645508,-21.024141311645508,-21.024141311645508,-21.024141311645508,-21.024141311645508,-21.024141311645508,-21.024141311645508,-21.024141311645508,-21.024141311645508,-21.024141311645508,-21.024141311645508,-21.024141311645508,-21.024141311645508,-21.024141311645508,-21.024141311645508,-21.024141311645508,-21.024141311645508,-21.024141311645508,-21.024141311645508,-21.024141311645508,-21.024141311645508,-21.024141311645508,-21.024141311645508,-21.024141311645508,-21.024141311645508,-20.451791763305664,-21.024141311645508,-21.024141311645508,-21.024141311645508,-21.024141311645508,-21.024141311645508,-21.024141311645508,-21.024141311645508,-21.024141311645508,-21.024141311645508,-21.024141311645508,-21.024141311645508,-20.891645431518555,-21.024141311645508,-7.264156341552734,-21.024141311645508,-21.024141311645508,-21.024141311645508,-21.024141311645508,-21.024141311645508,-21.024141311645508,-21.024141311645508,-21.024141311645508,-21.024141311645508,-21.024141311645508,-21.024141311645508,-21.024141311645508,-21.024141311645508,-21.024141311645508,-21.024141311645508,-21.024141311645508,-21.024141311645508,-21.024141311645508,-21.024141311645508,-21.024141311645508,-21.024141311645508,-21.024141311645508,-21.024141311645508,-21.024141311645508,-21.024141311645508,-21.024141311645508,-21.024141311645508,-21.024141311645508,-20.93479347229004,-21.024141311645508,-21.024141311645508,-21.024141311645508,-21.024141311645508,-21.024141311645508,-21.024141311645508,-21.024141311645508,-21.024141311645508,-21.024141311645508,-21.024141311645508,-20.780105590820312,-21.024141311645508,-0.0007637205999344587,-21.024141311645508,-21.024141311645508,-21.024141311645508,-21.024141311645508,-21.024141311645508,-21.024141311645508,-21.024141311645508,-21.024141311645508,-21.024141311645508,-21.024141311645508,-21.024141311645508,-21.024141311645508,-21.024141311645508,-21.024141311645508,-21.024141311645508,-21.024141311645508,-20.9171199798584,-21.024141311645508,-21.024141311645508,-21.024141311645508,-21.024141311645508,-21.024141311645508,-21.024141311645508,-21.024141311645508,-21.024141311645508,-21.024141311645508,-21.024141311645508,-21.024141311645508,-21.024141311645508,-21.024141311645508,-21.024141311645508,-21.024141311645508,-21.024141311645508,-21.024141311645508,-21.024141311645508,-21.024141311645508,-21.024141311645508,-21.024141311645508,-21.024141311645508,-21.024141311645508,-21.024141311645508,-21.024141311645508,-21.024141311645508,-21.024141311645508,-21.024141311645508,-21.024141311645508,-21.024141311645508,-21.024141311645508,-21.024141311645508,-21.024141311645508,-21.024141311645508,-21.024141311645508,-21.024141311645508,-21.024141311645508,-21.024141311645508,-21.11747932434082,-21.19733428955078,-21.024141311645508,-20.99275779724121,-21.024141311645508,-21.024141311645508,-21.024141311645508,-inf,-inf,-inf,-inf,-inf,-inf,-inf,-inf,-inf,-inf,-inf,-inf,-inf,-inf,-inf,-inf,-inf,-inf,-inf,-inf,-9.710932731628418,-12.852917671203613
4,-25.73553466796875,-25.73553466796875,-25.73553466796875,-25.73553466796875,-25.73553466796875,-25.73553466796875,-25.73553466796875,-25.73553466796875,-25.73553466796875,-25.73553466796875,-25.73553466796875,-25.73553466796875,-25.73553466796875,-25.73553466796875,-25.73553466796875,-25.73553466796875,-25.73553466796875,-25.73553466796875,-25.73553466796875,-25.73553466796875,-25.73553466796875,-25.73553466796875,-25.73553466796875,-25.73553466796875,-25.73553466796875,-25.73553466796875,-25.73553466796875,-25.73553466796875,-25.73553466796875,-25.73553466796875,-25.73553466796875,-25.73553466796875,-25.73553466796875,-25.73553466796875,-25.73553466796875,-25.73553466796875,-25.73553466796875,-25.73553466796875,-25.73553466796875,-25.73553466796875,-25.73553466796875,-25.73553466796875,-25.73553466796875,-9.726408958435059,-25.73553466796875,-25.73553466796875,-25.73553466796875,-25.73553466796875,-25.73553466796875,-25.73553466796875,-25.73553466796875,-25.73553466796875,-25.73553466796875,-25.73553466796875,-25.73553466796875,-26.837675094604492,-25.73553466796875,-26.360881805419922,-25.73553466796875,-25.73553466796875,-25.73553466796875,-25.73553466796875,-25.73553466796875,-25.73553466796875,-25.73553466796875,-25.73553466796875,-25.73553466796875,-25.73553466796875,-25.73553466796875,-25.73553466796875,-25.73553466796875,-25.73553466796875,-25.73553466796875,-25.73553466796875,-25.73553466796875,-25.73553466796875,-25.73553466796875,-25.73553466796875,-25.73553466796875,-25.73553466796875,-25.73553466796875,-25.73553466796875,-25.73553466796875,-25.73553466796875,-25.73553466796875,-25.73553466796875,-22.075387954711914,-25.73553466796875,-25.73553466796875,-25.73553466796875,-25.73553466796875,-25.73553466796875,-25.73553466796875,-25.73553466796875,-25.73553466796875,-25.73553466796875,-25.73553466796875,-0.02644987590610981,-25.73553466796875,-26.078039169311523,-25.73553466796875,-25.73553466796875,-25.73553466796875,-25.73553466796875,-25.73553466796875,-25.73553466796875,-25.73553466796875,-25.73553466796875,-25.73553466796875,-25.73553466796875,-25.73553466796875,-25.73553466796875,-25.73553466796875,-25.73553466796875,-25.73553466796875,-25.73553466796875,-18.133806228637695,-25.73553466796875,-25.73553466796875,-25.73553466796875,-25.73553466796875,-25.73553466796875,-25.73553466796875,-25.73553466796875,-25.73553466796875,-25.73553466796875,-25.73553466796875,-25.73553466796875,-25.73553466796875,-25.73553466796875,-25.73553466796875,-25.73553466796875,-25.73553466796875,-25.73553466796875,-25.73553466796875,-25.73553466796875,-25.73553466796875,-25.73553466796875,-25.73553466796875,-25.73553466796875,-25.73553466796875,-25.73553466796875,-25.73553466796875,-25.73553466796875,-25.73553466796875,-25.73553466796875,-25.73553466796875,-25.73553466796875,-25.73553466796875,-25.73553466796875,-25.73553466796875,-25.73553466796875,-25.73553466796875,-25.73553466796875,-25.73553466796875,-10.389923095703125,-3.6491706371307373,-25.73553466796875,-18.30629539489746,-25.73553466796875,-25.73553466796875,-25.73553466796875,-inf,-inf,-inf,-inf,-inf,-inf,-inf,-inf,-inf,-inf,-inf,-inf,-inf,-inf,-inf,-inf,-inf,-inf,-inf,-inf,-25.73553466796875,-23.728906631469727,-14.523191452026367,-14.151638984680176,-15.740089416503906,-9.753047943115234,-14.445709228515625,-14.790571212768555,-14.675830841064453,-13.358053207397461,-15.159132957458496,-15.159132957458496,-15.159132957458496,-15.159132957458496,-15.159132957458496,-15.159132957458496,-15.159132957458496,-15.159132957458496,-15.159132957458496,-15.159132957458496,-15.159132957458496,-15.159132957458496,-15.159132957458496,-15.159132957458496,-15.159132957458496,-15.159132957458496,-15.159132957458496,-15.159132957458496,-15.159132957458496,-15.159132957458496,-15.159132957458496,-15.159132957458496,-15.159132957458496,-15.159132957458496,-15.159132957458496,-15.159132957458496,-15.159132957458496,-15.159132957458496,-15.159132957458496,-15.159132957458496,-15.159132957458496,-15.159132957458496,-15.159132957458496,-15.159132957458496,-15.159132957458496,-15.159132957458496,-15.159132957458496,-15.159132957458496,-15.159132957458496,-15.159132957458496,-15.159132957458496,-15.159132957458496,-15.159132957458496,-14.868144989013672,-15.159132957458496,-15.159132957458496,-15.159132957458496,-15.159132957458496,-15.159132957458496,-15.159132957458496,-15.159132957458496,-15.159132957458496,-15.159132957458496,-15.159132957458496,-15.159132957458496,-15.853632926940918,-15.159132957458496,-15.337275505065918,-15.159132957458496,-15.159132957458496,-15.159132957458496,-15.159132957458496,-15.159132957458496,-15.159132957458496,-15.159132957458496,-15.159132957458496,-15.159132957458496,-15.159132957458496,-15.159132957458496,-15.159132957458496,-15.159132957458496,-15.159132957458496,-15.159132957458496,-15.159132957458496,-15.159132957458496,-15.159132957458496,-15.159132957458496,-15.159132957458496,-15.159132957458496,-15.159132957458496,-15.159132957458496,-15.159132957458496,-15.159132957458496,-15.159132957458496,-15.159132957458496,-15.159132957458496,-15.33653736114502,-15.159132957458496,-15.159132957458496,-15.159132957458496,-15.159132957458496,-15.159132957458496,-15.159132957458496,-15.159132957458496,-15.159132957458496,-15.159132957458496,-15.159132957458496,-15.26931095123291,-15.159132957458496,-15.864194869995117,-15.159132957458496,-15.159132957458496,-15.159132957458496,-15.159132957458496,-15.159132957458496,-15.159132957458496,-15.159132957458496,-15.159132957458496,-15.159132957458496,-15.159132957458496,-15.159132957458496,-15.159132957458496,-15.159132957458496,-15.159132957458496,-15.159132957458496,-15.159132957458496,-14.95234489440918,-15.159132957458496,-15.159132957458496,-15.159132957458496,-15.159132957458496,-15.159132957458496,-15.159132957458496,-15.159132957458496,-15.159132957458496,-15.159132957458496,-15.159132957458496,-15.159132957458496,-15.159132957458496,-15.159132957458496,-15.159132957458496,-15.159132957458496,-15.159132957458496,-15.159132957458496,-15.159132957458496,-15.159132957458496,-15.159132957458496,-15.159132957458496,-15.159132957458496,-15.159132957458496,-15.159132957458496,-15.159132957458496,-15.159132957458496,-15.159132957458496,-15.159132957458496,-15.159132957458496,-15.159132957458496,-15.159132957458496,-15.159132957458496,-15.159132957458496,-15.159132957458496,-15.159132957458496,-15.159132957458496,-15.159132957458496,-15.159132957458496,-15.271203994750977,-15.32015323638916,-15.159132957458496,-15.87781047821045,-15.159132957458496,-15.159132957458496,-15.159132957458496,-inf,-inf,-inf,-inf,-inf,-inf,-inf,-inf,-inf,-inf,-inf,-inf,-inf,-inf,-inf,-inf,-inf,-inf,-inf,-inf,-6.067568756407127e-05,-11.201573371887207,-22.412899017333984,-22.412899017333984,-22.412899017333984,-22.412899017333984,-22.412899017333984,-22.412899017333984,-22.412899017333984,-22.412899017333984,-22.412899017333984,-22.412899017333984,-22.412899017333984,-22.412899017333984,-22.412899017333984,-22.412899017333984,-22.412899017333984,-22.412899017333984,-22.412899017333984,-22.412899017333984,-22.412899017333984,-22.412899017333984,-22.412899017333984,-22.412899017333984,-22.412899017333984,-22.412899017333984,-22.412899017333984,-22.412899017333984,-22.412899017333984,-22.412899017333984,-22.412899017333984,-22.412899017333984,-22.412899017333984,-22.412899017333984,-22.412899017333984,-22.412899017333984,-22.412899017333984,-22.412899017333984,-22.412899017333984,-22.412899017333984,-22.412899017333984,-22.412899017333984,-22.412899017333984,-22.412899017333984,-22.412899017333984,-21.946090698242188,-22.412899017333984,-22.412899017333984,-22.412899017333984,-22.412899017333984,-22.412899017333984,-22.412899017333984,-22.412899017333984,-22.412899017333984,-22.412899017333984,-22.412899017333984,-22.412899017333984,-22.552597045898438,-22.412899017333984,-0.000846027978695929,-22.412899017333984,-22.412899017333984,-22.412899017333984,-22.412899017333984,-22.412899017333984,-22.412899017333984,-22.412899017333984,-22.412899017333984,-22.412899017333984,-22.412899017333984,-22.412899017333984,-22.412899017333984,-22.412899017333984,-22.412899017333984,-22.412899017333984,-22.412899017333984,-22.412899017333984,-22.412899017333984,-22.412899017333984,-22.412899017333984,-22.412899017333984,-22.412899017333984,-22.412899017333984,-22.412899017333984,-22.412899017333984,-22.412899017333984,-22.412899017333984,-22.412899017333984,-22.674480438232422,-22.412899017333984,-22.412899017333984,-22.412899017333984,-22.412899017333984,-22.412899017333984,-22.412899017333984,-22.412899017333984,-22.412899017333984,-22.412899017333984,-22.412899017333984,-21.911081314086914,-22.412899017333984,-7.609341621398926,-22.412899017333984,-22.412899017333984,-22.412899017333984,-22.412899017333984,-22.412899017333984,-22.412899017333984,-22.412899017333984,-22.412899017333984,-22.412899017333984,-22.412899017333984,-22.412899017333984,-22.412899017333984,-22.412899017333984,-22.412899017333984,-22.412899017333984,-22.412899017333984,-22.186262130737305,-22.412899017333984,-22.412899017333984,-22.412899017333984,-22.412899017333984,-22.412899017333984,-22.412899017333984,-22.412899017333984,-22.412899017333984,-22.412899017333984,-22.412899017333984,-22.412899017333984,-22.412899017333984,-22.412899017333984,-22.412899017333984,-22.412899017333984,-22.412899017333984,-22.412899017333984,-22.412899017333984,-22.412899017333984,-22.412899017333984,-22.412899017333984,-22.412899017333984,-22.412899017333984,-22.412899017333984,-22.412899017333984,-22.412899017333984,-22.412899017333984,-22.412899017333984,-22.412899017333984,-22.412899017333984,-22.412899017333984,-22.412899017333984,-22.412899017333984,-22.412899017333984,-22.412899017333984,-22.412899017333984,-22.412899017333984,-22.412899017333984,-22.851957321166992,-22.520641326904297,-22.412899017333984,-22.896617889404297,-22.412899017333984,-22.412899017333984,-22.412899017333984,-inf,-inf,-inf,-inf,-inf,-inf,-inf,-inf,-inf,-inf,-inf,-inf,-inf,-inf,-inf,-inf,-inf,-inf,-inf,-inf,-7.9582366943359375,-16.934520721435547
5,-18.802005767822266,-18.802005767822266,-18.802005767822266,-18.802005767822266,-18.802005767822266,-18.802005767822266,-18.802005767822266,-18.802005767822266,-18.802005767822266,-18.802005767822266,-18.802005767822266,-18.802005767822266,-18.802005767822266,-18.802005767822266,-18.802005767822266,-18.802005767822266,-18.802005767822266,-18.802005767822266,-18.802005767822266,-18.802005767822266,-18.802005767822266,-18.802005767822266,-18.802005767822266,-18.802005767822266,-18.802005767822266,-18.802005767822266,-18.802005767822266,-18.802005767822266,-18.802005767822266,-18.802005767822266,-18.802005767822266,-18.802005767822266,-18.802005767822266,-18.802005767822266,-18.802005767822266,-18.802005767822266,-18.802005767822266,-18.802005767822266,-18.802005767822266,-18.802005767822266,-18.802005767822266,-18.802005767822266,-18.802005767822266,-3.06378436088562,-18.802005767822266,-18.802005767822266,-18.802005767822266,-18.802005767822266,-18.802005767822266,-18.802005767822266,-18.802005767822266,-18.802005767822266,-18.802005767822266,-18.802005767822266,-18.802005767822266,-20.548276901245117,-18.802005767822266,-19.547761917114258,-18.802005767822266,-18.802005767822266,-18.802005767822266,-18.802005767822266,-18.802005767822266,-18.802005767822266,-18.802005767822266,-18.802005767822266,-18.802005767822266,-18.802005767822266,-18.802005767822266,-18.802005767822266,-18.802005767822266,-18.802005767822266,-18.802005767822266,-18.802005767822266,-18.802005767822266,-18.802005767822266,-18.802005767822266,-18.802005767822266,-18.802005767822266,-18.802005767822266,-18.802005767822266,-18.802005767822266,-18.802005767822266,-18.802005767822266,-18.802005767822266,-18.802005767822266,-5.4975810050964355,-18.802005767822266,-18.802005767822266,-18.802005767822266,-18.802005767822266,-18.802005767822266,-18.802005767822266,-18.802005767822266,-18.802005767822266,-18.802005767822266,-18.802005767822266,-6.714013576507568,-18.802005767822266,-19.395057678222656,-18.802005767822266,-18.802005767822266,-18.802005767822266,-18.802005767822266,-18.802005767822266,-18.802005767822266,-18.802005767822266,-18.802005767822266,-18.802005767822266,-18.802005767822266,-18.802005767822266,-18.802005767822266,-18.802005767822266,-18.802005767822266,-18.802005767822266,-18.802005767822266,-10.439763069152832,-18.802005767822266,-18.802005767822266,-18.802005767822266,-18.802005767822266,-18.802005767822266,-18.802005767822266,-18.802005767822266,-18.802005767822266,-18.802005767822266,-18.802005767822266,-18.802005767822266,-18.802005767822266,-18.802005767822266,-18.802005767822266,-18.802005767822266,-18.802005767822266,-18.802005767822266,-18.802005767822266,-18.802005767822266,-18.802005767822266,-18.802005767822266,-18.802005767822266,-18.802005767822266,-18.802005767822266,-18.802005767822266,-18.802005767822266,-18.802005767822266,-18.802005767822266,-18.802005767822266,-18.802005767822266,-18.802005767822266,-18.802005767822266,-18.802005767822266,-18.802005767822266,-18.802005767822266,-18.802005767822266,-18.802005767822266,-18.802005767822266,-9.016828536987305,-0.05380215123295784,-18.802005767822266,-8.479467391967773,-18.802005767822266,-18.802005767822266,-18.802005767822266,-inf,-inf,-inf,-inf,-inf,-inf,-inf,-inf,-inf,-inf,-inf,-inf,-inf,-inf,-inf,-inf,-inf,-inf,-inf,-inf,-18.802005767822266,-18.02161979675293,-15.620725631713867,-15.446183204650879,-14.814082145690918,-9.865524291992188,-13.777443885803223,-13.311524391174316,-14.60441780090332,-12.581350326538086,-14.607512474060059,-14.607512474060059,-14.607512474060059,-14.607512474060059,-14.607512474060059,-14.607512474060059,-14.607512474060059,-14.607512474060059,-14.607512474060059,-14.607512474060059,-14.607512474060059,-14.607512474060059,-14.607512474060059,-14.607512474060059,-14.607512474060059,-14.607512474060059,-14.607512474060059,-14.607512474060059,-14.607512474060059,-14.607512474060059,-14.607512474060059,-14.607512474060059,-14.607512474060059,-14.607512474060059,-14.607512474060059,-14.607512474060059,-14.607512474060059,-14.607512474060059,-14.607512474060059,-14.607512474060059,-14.607512474060059,-14.607512474060059,-14.607512474060059,-14.607512474060059,-14.607512474060059,-14.607512474060059,-14.607512474060059,-14.607512474060059,-14.607512474060059,-14.607512474060059,-14.607512474060059,-14.607512474060059,-14.607512474060059,-14.238473892211914,-14.607512474060059,-14.607512474060059,-14.607512474060059,-14.607512474060059,-14.607512474060059,-14.607512474060059,-14.607512474060059,-14.607512474060059,-14.607512474060059,-14.607512474060059,-14.607512474060059,-15.245565414428711,-14.607512474060059,-14.605138778686523,-14.607512474060059,-14.607512474060059,-14.607512474060059,-14.607512474060059,-14.607512474060059,-14.607512474060059,-14.607512474060059,-14.607512474060059,-14.607512474060059,-14.607512474060059,-14.607512474060059,-14.607512474060059,-14.607512474060059,-14.607512474060059,-14.607512474060059,-14.607512474060059,-14.607512474060059,-14.607512474060059,-14.607512474060059,-14.607512474060059,-14.607512474060059,-14.607512474060059,-14.607512474060059,-14.607512474060059,-14.607512474060059,-14.607512474060059,-14.607512474060059,-14.607512474060059,-14.600142478942871,-14.607512474060059,-14.607512474060059,-14.607512474060059,-14.607512474060059,-14.607512474060059,-14.607512474060059,-14.607512474060059,-14.607512474060059,-14.607512474060059,-14.607512474060059,-14.754992485046387,-14.607512474060059,-15.22426986694336,-14.607512474060059,-14.607512474060059,-14.607512474060059,-14.607512474060059,-14.607512474060059,-14.607512474060059,-14.607512474060059,-14.607512474060059,-14.607512474060059,-14.607512474060059,-14.607512474060059,-14.607512474060059,-14.607512474060059,-14.607512474060059,-14.607512474060059,-14.607512474060059,-14.84066104888916,-14.607512474060059,-14.607512474060059,-14.607512474060059,-14.607512474060059,-14.607512474060059,-14.607512474060059,-14.607512474060059,-14.607512474060059,-14.607512474060059,-14.607512474060059,-14.607512474060059,-14.607512474060059,-14.607512474060059,-14.607512474060059,-14.607512474060059,-14.607512474060059,-14.607512474060059,-14.607512474060059,-14.607512474060059,-14.607512474060059,-14.607512474060059,-14.607512474060059,-14.607512474060059,-14.607512474060059,-14.607512474060059,-14.607512474060059,-14.607512474060059,-14.607512474060059,-14.607512474060059,-14.607512474060059,-14.607512474060059,-14.607512474060059,-14.607512474060059,-14.607512474060059,-14.607512474060059,-14.607512474060059,-14.607512474060059,-14.607512474060059,-14.438384056091309,-14.78537368774414,-14.607512474060059,-15.115120887756348,-14.607512474060059,-14.607512474060059,-14.607512474060059,-inf,-inf,-inf,-inf,-inf,-inf,-inf,-inf,-inf,-inf,-inf,-inf,-inf,-inf,-inf,-inf,-inf,-inf,-inf,-inf,-8.546940807718784e-05,-12.507936477661133,-25.179357528686523,-25.179357528686523,-25.179357528686523,-25.179357528686523,-25.179357528686523,-25.179357528686523,-25.179357528686523,-25.179357528686523,-25.179357528686523,-25.179357528686523,-25.179357528686523,-25.179357528686523,-25.179357528686523,-25.179357528686523,-25.179357528686523,-25.179357528686523,-25.179357528686523,-25.179357528686523,-25.179357528686523,-25.179357528686523,-25.179357528686523,-25.179357528686523,-25.179357528686523,-25.179357528686523,-25.179357528686523,-25.179357528686523,-25.179357528686523,-25.179357528686523,-25.179357528686523,-25.179357528686523,-25.179357528686523,-25.179357528686523,-25.179357528686523,-25.179357528686523,-25.179357528686523,-25.179357528686523,-25.179357528686523,-25.179357528686523,-25.179357528686523,-25.179357528686523,-25.179357528686523,-25.179357528686523,-25.179357528686523,-24.939838409423828,-25.179357528686523,-25.179357528686523,-25.179357528686523,-25.179357528686523,-25.179357528686523,-25.179357528686523,-25.179357528686523,-25.179357528686523,-25.179357528686523,-25.179357528686523,-25.179357528686523,-25.39698028564453,-25.179357528686523,-6.198863957251888e-06,-25.179357528686523,-25.179357528686523,-25.179357528686523,-25.179357528686523,-25.179357528686523,-25.179357528686523,-25.179357528686523,-25.179357528686523,-25.179357528686523,-25.179357528686523,-25.179357528686523,-25.179357528686523,-25.179357528686523,-25.179357528686523,-25.179357528686523,-25.179357528686523,-25.179357528686523,-25.179357528686523,-25.179357528686523,-25.179357528686523,-25.179357528686523,-25.179357528686523,-25.179357528686523,-25.179357528686523,-25.179357528686523,-25.179357528686523,-25.179357528686523,-25.179357528686523,-25.38051986694336,-25.179357528686523,-25.179357528686523,-25.179357528686523,-25.179357528686523,-25.179357528686523,-25.179357528686523,-25.179357528686523,-25.179357528686523,-25.179357528686523,-25.179357528686523,-24.54362678527832,-25.179357528686523,-14.259025573730469,-25.179357528686523,-25.179357528686523,-25.179357528686523,-25.179357528686523,-25.179357528686523,-25.179357528686523,-25.179357528686523,-25.179357528686523,-25.179357528686523,-25.179357528686523,-25.179357528686523,-25.179357528686523,-25.179357528686523,-25.179357528686523,-25.179357528686523,-25.179357528686523,-25.061241149902344,-25.179357528686523,-25.179357528686523,-25.179357528686523,-25.179357528686523,-25.179357528686523,-25.179357528686523,-25.179357528686523,-25.179357528686523,-25.179357528686523,-25.179357528686523,-25.179357528686523,-25.179357528686523,-25.179357528686523,-25.179357528686523,-25.179357528686523,-25.179357528686523,-25.179357528686523,-25.179357528686523,-25.179357528686523,-25.179357528686523,-25.179357528686523,-25.179357528686523,-25.179357528686523,-25.179357528686523,-25.179357528686523,-25.179357528686523,-25.179357528686523,-25.179357528686523,-25.179357528686523,-25.179357528686523,-25.179357528686523,-25.179357528686523,-25.179357528686523,-25.179357528686523,-25.179357528686523,-25.179357528686523,-25.179357528686523,-25.179357528686523,-25.90147590637207,-25.417617797851562,-25.179357528686523,-25.54446029663086,-25.179357528686523,-25.179357528686523,-25.179357528686523,-inf,-inf,-inf,-inf,-inf,-inf,-inf,-inf,-inf,-inf,-inf,-inf,-inf,-inf,-inf,-inf,-inf,-inf,-inf,-inf,-12.102645874023438,-21.948266983032227
6,-17.251270294189453,-17.251270294189453,-17.251270294189453,-17.251270294189453,-17.251270294189453,-17.251270294189453,-17.251270294189453,-17.251270294189453,-17.251270294189453,-17.251270294189453,-17.251270294189453,-17.251270294189453,-17.251270294189453,-17.251270294189453,-17.251270294189453,-17.251270294189453,-17.251270294189453,-17.251270294189453,-17.251270294189453,-17.251270294189453,-17.251270294189453,-17.251270294189453,-17.251270294189453,-17.251270294189453,-17.251270294189453,-17.251270294189453,-17.251270294189453,-17.251270294189453,-17.251270294189453,-17.251270294189453,-17.251270294189453,-17.251270294189453,-17.251270294189453,-17.251270294189453,-17.251270294189453,-17.251270294189453,-17.251270294189453,-17.251270294189453,-17.251270294189453,-17.251270294189453,-17.251270294189453,-17.251270294189453,-17.251270294189453,-0.11776555329561234,-17.251270294189453,-17.251270294189453,-17.251270294189453,-17.251270294189453,-17.251270294189453,-17.251270294189453,-17.251270294189453,-17.251270294189453,-17.251270294189453,-17.251270294189453,-17.251270294189453,-18.120534896850586,-17.251270294189453,-17.960582733154297,-17.251270294189453,-17.251270294189453,-17.251270294189453,-17.251270294189453,-17.251270294189453,-17.251270294189453,-17.251270294189453,-17.251270294189453,-17.251270294189453,-17.251270294189453,-17.251270294189453,-17.251270294189453,-17.251270294189453,-17.251270294189453,-17.251270294189453,-17.251270294189453,-17.251270294189453,-17.251270294189453,-17.251270294189453,-17.251270294189453,-17.251270294189453,-17.251270294189453,-17.251270294189453,-17.251270294189453,-17.251270294189453,-17.251270294189453,-17.251270294189453,-17.251270294189453,-4.381231307983398,-17.251270294189453,-17.251270294189453,-17.251270294189453,-17.251270294189453,-17.251270294189453,-17.251270294189453,-17.251270294189453,-17.251270294189453,-17.251270294189453,-17.251270294189453,-10.16014289855957,-17.251270294189453,-17.983097076416016,-17.251270294189453,-17.251270294189453,-17.251270294189453,-17.251270294189453,-17.251270294189453,-17.251270294189453,-17.251270294189453,-17.251270294189453,-17.251270294189453,-17.251270294189453,-17.251270294189453,-17.251270294189453,-17.251270294189453,-17.251270294189453,-17.251270294189453,-17.251270294189453,-9.992713928222656,-17.251270294189453,-17.251270294189453,-17.251270294189453,-17.251270294189453,-17.251270294189453,-17.251270294189453,-17.251270294189453,-17.251270294189453,-17.251270294189453,-17.251270294189453,-17.251270294189453,-17.251270294189453,-17.251270294189453,-17.251270294189453,-17.251270294189453,-17.251270294189453,-17.251270294189453,-17.251270294189453,-17.251270294189453,-17.251270294189453,-17.251270294189453,-17.251270294189453,-17.251270294189453,-17.251270294189453,-17.251270294189453,-17.251270294189453,-17.251270294189453,-17.251270294189453,-17.251270294189453,-17.251270294189453,-17.251270294189453,-17.251270294189453,-17.251270294189453,-17.251270294189453,-17.251270294189453,-17.251270294189453,-17.251270294189453,-17.251270294189453,-11.712162017822266,-2.640876054763794,-17.251270294189453,-3.6049559116363525,-17.251270294189453,-17.251270294189453,-17.251270294189453,-inf,-inf,-inf,-inf,-inf,-inf,-inf,-inf,-inf,-inf,-inf,-inf,-inf,-inf,-inf,-inf,-inf,-inf,-inf,-inf,-17.251270294189453,-17.618160247802734,-18.953248977661133,-15.3156156539917,-14.21618938446045,-8.51348876953125,-13.103450775146484,-12.52114486694336,-13.657299041748047,-11.7421236038208,-14.214559555053711,-14.214559555053711,-14.214559555053711,-14.214559555053711,-14.214559555053711,-14.214559555053711,-14.214559555053711,-14.214559555053711,-14.214559555053711,-14.214559555053711,-14.214559555053711,-14.214559555053711,-14.214559555053711,-14.214559555053711,-14.214559555053711,-14.214559555053711,-14.214559555053711,-14.214559555053711,-14.214559555053711,-14.214559555053711,-14.214559555053711,-14.214559555053711,-14.214559555053711,-14.214559555053711,-14.214559555053711,-14.214559555053711,-14.214559555053711,-14.214559555053711,-14.214559555053711,-14.214559555053711,-14.214559555053711,-14.214559555053711,-14.214559555053711,-14.214559555053711,-14.214559555053711,-14.214559555053711,-14.214559555053711,-14.214559555053711,-14.214559555053711,-14.214559555053711,-14.214559555053711,-14.214559555053711,-14.214559555053711,-14.08208179473877,-14.214559555053711,-14.214559555053711,-14.214559555053711,-14.214559555053711,-14.214559555053711,-14.214559555053711,-14.214559555053711,-14.214559555053711,-14.214559555053711,-14.214559555053711,-14.214559555053711,-15.048537254333496,-14.214559555053711,-14.288374900817871,-14.214559555053711,-14.214559555053711,-14.214559555053711,-14.214559555053711,-14.214559555053711,-14.214559555053711,-14.214559555053711,-14.214559555053711,-14.214559555053711,-14.214559555053711,-14.214559555053711,-14.214559555053711,-14.214559555053711,-14.214559555053711,-14.214559555053711,-14.214559555053711,-14.214559555053711,-14.214559555053711,-14.214559555053711,-14.214559555053711,-14.214559555053711,-14.214559555053711,-14.214559555053711,-14.214559555053711,-14.214559555053711,-14.214559555053711,-14.214559555053711,-14.214559555053711,-13.923455238342285,-14.214559555053711,-14.214559555053711,-14.214559555053711,-14.214559555053711,-14.214559555053711,-14.214559555053711,-14.214559555053711,-14.214559555053711,-14.214559555053711,-14.214559555053711,-14.364952087402344,-14.214559555053711,-15.067630767822266,-14.214559555053711,-14.214559555053711,-14.214559555053711,-14.214559555053711,-14.214559555053711,-14.214559555053711,-14.214559555053711,-14.214559555053711,-14.214559555053711,-14.214559555053711,-14.214559555053711,-14.214559555053711,-14.214559555053711,-14.214559555053711,-14.214559555053711,-14.214559555053711,-14.331436157226562,-14.214559555053711,-14.214559555053711,-14.214559555053711,-14.214559555053711,-14.214559555053711,-14.214559555053711,-14.214559555053711,-14.214559555053711,-14.214559555053711,-14.214559555053711,-14.214559555053711,-14.214559555053711,-14.214559555053711,-14.214559555053711,-14.214559555053711,-14.214559555053711,-14.214559555053711,-14.214559555053711,-14.214559555053711,-14.214559555053711,-14.214559555053711,-14.214559555053711,-14.214559555053711,-14.214559555053711,-14.214559555053711,-14.214559555053711,-14.214559555053711,-14.214559555053711,-14.214559555053711,-14.214559555053711,-14.214559555053711,-14.214559555053711,-14.214559555053711,-14.214559555053711,-14.214559555053711,-14.214559555053711,-14.214559555053711,-14.214559555053711,-13.973287582397461,-14.656946182250977,-14.214559555053711,-14.219788551330566,-14.214559555053711,-14.214559555053711,-14.214559555053711,-inf,-inf,-inf,-inf,-inf,-inf,-inf,-inf,-inf,-inf,-inf,-inf,-inf,-inf,-inf,-inf,-inf,-inf,-inf,-inf,-0.0001234931987710297,-13.069645881652832,-26.445613861083984,-26.445613861083984,-26.445613861083984,-26.445613861083984,-26.445613861083984,-26.445613861083984,-26.445613861083984,-26.445613861083984,-26.445613861083984,-26.445613861083984,-26.445613861083984,-26.445613861083984,-26.445613861083984,-26.445613861083984,-26.445613861083984,-26.445613861083984,-26.445613861083984,-26.445613861083984,-26.445613861083984,-26.445613861083984,-26.445613861083984,-26.445613861083984,-26.445613861083984,-26.445613861083984,-26.445613861083984,-26.445613861083984,-26.445613861083984,-26.445613861083984,-26.445613861083984,-26.445613861083984,-26.445613861083984,-26.445613861083984,-26.445613861083984,-26.445613861083984,-26.445613861083984,-26.445613861083984,-26.445613861083984,-26.445613861083984,-26.445613861083984,-26.445613861083984,-26.445613861083984,-26.445613861083984,-26.445613861083984,-26.525836944580078,-26.445613861083984,-26.445613861083984,-26.445613861083984,-26.445613861083984,-26.445613861083984,-26.445613861083984,-26.445613861083984,-26.445613861083984,-26.445613861083984,-26.445613861083984,-26.445613861083984,-26.855424880981445,-26.445613861083984,-2.3841855067985307e-07,-26.445613861083984,-26.445613861083984,-26.445613861083984,-26.445613861083984,-26.445613861083984,-26.445613861083984,-26.445613861083984,-26.445613861083984,-26.445613861083984,-26.445613861083984,-26.445613861083984,-26.445613861083984,-26.445613861083984,-26.445613861083984,-26.445613861083984,-26.445613861083984,-26.445613861083984,-26.445613861083984,-26.445613861083984,-26.445613861083984,-26.445613861083984,-26.445613861083984,-26.445613861083984,-26.445613861083984,-26.445613861083984,-26.445613861083984,-26.445613861083984,-26.445613861083984,-26.71217155456543,-26.445613861083984,-26.445613861083984,-26.445613861083984,-26.445613861083984,-26.445613861083984,-26.445613861083984,-26.445613861083984,-26.445613861083984,-26.445613861083984,-26.445613861083984,-26.126441955566406,-26.445613861083984,-19.074832916259766,-26.445613861083984,-26.445613861083984,-26.445613861083984,-26.445613861083984,-26.445613861083984,-26.445613861083984,-26.445613861083984,-26.445613861083984,-26.445613861083984,-26.445613861083984,-26.445613861083984,-26.445613861083984,-26.445613861083984,-26.445613861083984,-26.445613861083984,-26.445613861083984,-26.46647834777832,-26.445613861083984,-26.445613861083984,-26.445613861083984,-26.445613861083984,-26.445613861083984,-26.445613861083984,-26.445613861083984,-26.445613861083984,-26.445613861083984,-26.445613861083984,-26.445613861083984,-26.445613861083984,-26.445613861083984,-26.445613861083984,-26.445613861083984,-26.445613861083984,-26.445613861083984,-26.445613861083984,-26.445613861083984,-26.445613861083984,-26.445613861083984,-26.445613861083984,-26.445613861083984,-26.445613861083984,-26.445613861083984,-26.445613861083984,-26.445613861083984,-26.445613861083984,-26.445613861083984,-26.445613861083984,-26.445613861083984,-26.445613861083984,-26.445613861083984,-26.445613861083984,-26.445613861083984,-26.445613861083984,-26.445613861083984,-26.445613861083984,-27.184167861938477,-26.79868507385254,-26.445613861083984,-26.582489013671875,-26.445613861083984,-26.445613861083984,-26.445613861083984,-inf,-inf,-inf,-inf,-inf,-inf,-inf,-inf,-inf,-inf,-inf,-inf,-inf,-inf,-inf,-inf,-inf,-inf,-inf,-inf,-15.16338062286377,-24.637571334838867
7,-15.64938735961914,-15.64938735961914,-15.64938735961914,-15.64938735961914,-15.64938735961914,-15.64938735961914,-15.64938735961914,-15.64938735961914,-15.64938735961914,-15.64938735961914,-15.64938735961914,-15.64938735961914,-15.64938735961914,-15.64938735961914,-15.64938735961914,-15.64938735961914,-15.64938735961914,-15.64938735961914,-15.64938735961914,-15.64938735961914,-15.64938735961914,-15.64938735961914,-15.64938735961914,-15.64938735961914,-15.64938735961914,-15.64938735961914,-15.64938735961914,-15.64938735961914,-15.64938735961914,-15.64938735961914,-15.64938735961914,-15.64938735961914,-15.64938735961914,-15.64938735961914,-15.64938735961914,-15.64938735961914,-15.64938735961914,-15.64938735961914,-15.64938735961914,-15.64938735961914,-15.64938735961914,-15.64938735961914,-15.64938735961914,-4.1259284019470215,-15.64938735961914,-15.64938735961914,-15.64938735961914,-15.64938735961914,-15.64938735961914,-15.64938735961914,-15.64938735961914,-15.64938735961914,-15.64938735961914,-15.64938735961914,-15.64938735961914,-13.561176300048828,-15.64938735961914,-16.579530715942383,-15.64938735961914,-15.64938735961914,-15.64938735961914,-15.64938735961914,-15.64938735961914,-15.64938735961914,-15.64938735961914,-15.64938735961914,-15.64938735961914,-15.64938735961914,-15.64938735961914,-15.64938735961914,-15.64938735961914,-15.64938735961914,-15.64938735961914,-15.64938735961914,-15.64938735961914,-15.64938735961914,-15.64938735961914,-15.64938735961914,-15.64938735961914,-15.64938735961914,-15.64938735961914,-15.64938735961914,-15.64938735961914,-15.64938735961914,-15.64938735961914,-15.64938735961914,-0.8542808294296265,-15.64938735961914,-15.64938735961914,-15.64938735961914,-15.64938735961914,-15.64938735961914,-15.64938735961914,-15.64938735961914,-15.64938735961914,-15.64938735961914,-15.64938735961914,-21.569690704345703,-15.64938735961914,-16.23936653137207,-15.64938735961914,-15.64938735961914,-15.64938735961914,-15.64938735961914,-15.64938735961914,-15.64938735961914,-15.64938735961914,-15.64938735961914,-15.64938735961914,-15.64938735961914,-15.64938735961914,-15.64938735961914,-15.64938735961914,-15.64938735961914,-15.64938735961914,-15.64938735961914,-6.998734951019287,-15.64938735961914,-15.64938735961914,-15.64938735961914,-15.64938735961914,-15.64938735961914,-15.64938735961914,-15.64938735961914,-15.64938735961914,-15.64938735961914,-15.64938735961914,-15.64938735961914,-15.64938735961914,-15.64938735961914,-15.64938735961914,-15.64938735961914,-15.64938735961914,-15.64938735961914,-15.64938735961914,-15.64938735961914,-15.64938735961914,-15.64938735961914,-15.64938735961914,-15.64938735961914,-15.64938735961914,-15.64938735961914,-15.64938735961914,-15.64938735961914,-15.64938735961914,-15.64938735961914,-15.64938735961914,-15.64938735961914,-15.64938735961914,-15.64938735961914,-15.64938735961914,-15.64938735961914,-15.64938735961914,-15.64938735961914,-15.64938735961914,-14.790313720703125,-11.221752166748047,-15.64938735961914,-0.5846408605575562,-15.64938735961914,-15.64938735961914,-15.64938735961914,-inf,-inf,-inf,-inf,-inf,-inf,-inf,-inf,-inf,-inf,-inf,-inf,-inf,-inf,-inf,-inf,-inf,-inf,-inf,-inf,-15.64938735961914,-14.522895812988281,-19.91749382019043,-13.03598690032959,-14.0333833694458,-8.682755470275879,-12.096738815307617,-11.888790130615234,-10.974983215332031,-11.654770851135254,-18.66584587097168,-18.66584587097168,-18.66584587097168,-18.66584587097168,-18.66584587097168,-18.66584587097168,-18.66584587097168,-18.66584587097168,-18.66584587097168,-18.66584587097168,-18.66584587097168,-18.66584587097168,-18.66584587097168,-18.66584587097168,-18.66584587097168,-18.66584587097168,-18.66584587097168,-18.66584587097168,-18.66584587097168,-18.66584587097168,-18.66584587097168,-18.66584587097168,-18.66584587097168,-18.66584587097168,-18.66584587097168,-18.66584587097168,-18.66584587097168,-18.66584587097168,-18.66584587097168,-18.66584587097168,-18.66584587097168,-18.66584587097168,-18.66584587097168,-18.66584587097168,-18.66584587097168,-18.66584587097168,-18.66584587097168,-18.66584587097168,-18.66584587097168,-18.66584587097168,-18.66584587097168,-18.66584587097168,-18.66584587097168,-18.265533447265625,-18.66584587097168,-18.66584587097168,-18.66584587097168,-18.66584587097168,-18.66584587097168,-18.66584587097168,-18.66584587097168,-18.66584587097168,-18.66584587097168,-18.66584587097168,-18.66584587097168,-19.401443481445312,-18.66584587097168,-18.85064697265625,-18.66584587097168,-18.66584587097168,-18.66584587097168,-18.66584587097168,-18.66584587097168,-18.66584587097168,-18.66584587097168,-18.66584587097168,-18.66584587097168,-18.66584587097168,-18.66584587097168,-18.66584587097168,-18.66584587097168,-18.66584587097168,-18.66584587097168,-18.66584587097168,-18.66584587097168,-18.66584587097168,-18.66584587097168,-18.66584587097168,-18.66584587097168,-18.66584587097168,-18.66584587097168,-18.66584587097168,-18.66584587097168,-18.66584587097168,-18.66584587097168,-18.66584587097168,-18.34285545349121,-18.66584587097168,-18.66584587097168,-18.66584587097168,-18.66584587097168,-18.66584587097168,-18.66584587097168,-18.66584587097168,-18.66584587097168,-18.66584587097168,-18.66584587097168,-19.018705368041992,-18.66584587097168,-19.1846866607666,-18.66584587097168,-18.66584587097168,-18.66584587097168,-18.66584587097168,-18.66584587097168,-18.66584587097168,-18.66584587097168,-18.66584587097168,-18.66584587097168,-18.66584587097168,-18.66584587097168,-18.66584587097168,-18.66584587097168,-18.66584587097168,-18.66584587097168,-18.66584587097168,-18.656002044677734,-18.66584587097168,-18.66584587097168,-18.66584587097168,-18.66584587097168,-18.66584587097168,-18.66584587097168,-18.66584587097168,-18.66584587097168,-18.66584587097168,-18.66584587097168,-18.66584587097168,-18.66584587097168,-18.66584587097168,-18.66584587097168,-18.66584587097168,-18.66584587097168,-18.66584587097168,-18.66584587097168,-18.66584587097168,-18.66584587097168,-18.66584587097168,-18.66584587097168,-18.66584587097168,-18.66584587097168,-18.66584587097168,-18.66584587097168,-18.66584587097168,-18.66584587097168,-18.66584587097168,-18.66584587097168,-18.66584587097168,-18.66584587097168,-18.66584587097168,-18.66584587097168,-18.66584587097168,-18.66584587097168,-18.66584587097168,-18.66584587097168,-18.694364547729492,-18.89678382873535,-18.66584587097168,-18.183351516723633,-18.66584587097168,-18.66584587097168,-18.66584587097168,-inf,-inf,-inf,-inf,-inf,-inf,-inf,-inf,-inf,-inf,-inf,-inf,-inf,-inf,-inf,-inf,-inf,-inf,-inf,-inf,-2.145764938177308e-06,-14.129698753356934,-25.72069549560547,-25.72069549560547,-25.72069549560547,-25.72069549560547,-25.72069549560547,-25.72069549560547,-25.72069549560547,-25.72069549560547,-25.72069549560547,-25.72069549560547,-25.72069549560547,-25.72069549560547,-25.72069549560547,-25.72069549560547,-25.72069549560547,-25.72069549560547,-25.72069549560547,-25.72069549560547,-25.72069549560547,-25.72069549560547,-25.72069549560547,-25.72069549560547,-25.72069549560547,-25.72069549560547,-25.72069549560547,-25.72069549560547,-25.72069549560547,-25.72069549560547,-25.72069549560547,-25.72069549560547,-25.72069549560547,-25.72069549560547,-25.72069549560547,-25.72069549560547,-25.72069549560547,-25.72069549560547,-25.72069549560547,-25.72069549560547,-25.72069549560547,-25.72069549560547,-25.72069549560547,-25.72069549560547,-25.72069549560547,-25.504722595214844,-25.72069549560547,-25.72069549560547,-25.72069549560547,-25.72069549560547,-25.72069549560547,-25.72069549560547,-25.72069549560547,-25.72069549560547,-25.72069549560547,-25.72069549560547,-25.72069549560547,-25.97178840637207,-25.72069549560547,0.0,-25.72069549560547,-25.72069549560547,-25.72069549560547,-25.72069549560547,-25.72069549560547,-25.72069549560547,-25.72069549560547,-25.72069549560547,-25.72069549560547,-25.72069549560547,-25.72069549560547,-25.72069549560547,-25.72069549560547,-25.72069549560547,-25.72069549560547,-25.72069549560547,-25.72069549560547,-25.72069549560547,-25.72069549560547,-25.72069549560547,-25.72069549560547,-25.72069549560547,-25.72069549560547,-25.72069549560547,-25.72069549560547,-25.72069549560547,-25.72069549560547,-25.72069549560547,-25.931198120117188,-25.72069549560547,-25.72069549560547,-25.72069549560547,-25.72069549560547,-25.72069549560547,-25.72069549560547,-25.72069549560547,-25.72069549560547,-25.72069549560547,-25.72069549560547,-25.751916885375977,-25.72069549560547,-20.691829681396484,-25.72069549560547,-25.72069549560547,-25.72069549560547,-25.72069549560547,-25.72069549560547,-25.72069549560547,-25.72069549560547,-25.72069549560547,-25.72069549560547,-25.72069549560547,-25.72069549560547,-25.72069549560547,-25.72069549560547,-25.72069549560547,-25.72069549560547,-25.72069549560547,-25.983985900878906,-25.72069549560547,-25.72069549560547,-25.72069549560547,-25.72069549560547,-25.72069549560547,-25.72069549560547,-25.72069549560547,-25.72069549560547,-25.72069549560547,-25.72069549560547,-25.72069549560547,-25.72069549560547,-25.72069549560547,-25.72069549560547,-25.72069549560547,-25.72069549560547,-25.72069549560547,-25.72069549560547,-25.72069549560547,-25.72069549560547,-25.72069549560547,-25.72069549560547,-25.72069549560547,-25.72069549560547,-25.72069549560547,-25.72069549560547,-25.72069549560547,-25.72069549560547,-25.72069549560547,-25.72069549560547,-25.72069549560547,-25.72069549560547,-25.72069549560547,-25.72069549560547,-25.72069549560547,-25.72069549560547,-25.72069549560547,-25.72069549560547,-26.43242073059082,-26.1806583404541,-25.72069549560547,-25.564870834350586,-25.72069549560547,-25.72069549560547,-25.72069549560547,-inf,-inf,-inf,-inf,-inf,-inf,-inf,-inf,-inf,-inf,-inf,-inf,-inf,-inf,-inf,-inf,-inf,-inf,-inf,-inf,-16.79435920715332,-22.020586013793945
8,-13.82220458984375,-13.82220458984375,-13.82220458984375,-13.82220458984375,-13.82220458984375,-13.82220458984375,-13.82220458984375,-13.82220458984375,-13.82220458984375,-13.82220458984375,-13.82220458984375,-13.82220458984375,-13.82220458984375,-13.82220458984375,-13.82220458984375,-13.82220458984375,-13.82220458984375,-13.82220458984375,-13.82220458984375,-13.82220458984375,-13.82220458984375,-13.82220458984375,-13.82220458984375,-13.82220458984375,-13.82220458984375,-13.82220458984375,-13.82220458984375,-13.82220458984375,-13.82220458984375,-13.82220458984375,-13.82220458984375,-13.82220458984375,-13.82220458984375,-13.82220458984375,-13.82220458984375,-13.82220458984375,-13.82220458984375,-13.82220458984375,-13.82220458984375,-13.82220458984375,-13.82220458984375,-13.82220458984375,-13.82220458984375,-5.053745269775391,-13.82220458984375,-13.82220458984375,-13.82220458984375,-13.82220458984375,-13.82220458984375,-13.82220458984375,-13.82220458984375,-13.82220458984375,-13.82220458984375,-13.82220458984375,-13.82220458984375,-6.719003200531006,-13.82220458984375,-14.431239128112793,-13.82220458984375,-13.82220458984375,-13.82220458984375,-13.82220458984375,-13.82220458984375,-13.82220458984375,-13.82220458984375,-13.82220458984375,-13.82220458984375,-13.82220458984375,-13.82220458984375,-13.82220458984375,-13.82220458984375,-13.82220458984375,-13.82220458984375,-13.82220458984375,-13.82220458984375,-13.82220458984375,-13.82220458984375,-13.82220458984375,-13.82220458984375,-13.82220458984375,-13.82220458984375,-13.82220458984375,-13.82220458984375,-13.82220458984375,-13.82220458984375,-13.82220458984375,-0.8963595628738403,-13.82220458984375,-13.82220458984375,-13.82220458984375,-13.82220458984375,-13.82220458984375,-13.82220458984375,-13.82220458984375,-13.82220458984375,-13.82220458984375,-13.82220458984375,-25.315664291381836,-13.82220458984375,-14.270552635192871,-13.82220458984375,-13.82220458984375,-13.82220458984375,-13.82220458984375,-13.82220458984375,-13.82220458984375,-13.82220458984375,-13.82220458984375,-13.82220458984375,-13.82220458984375,-13.82220458984375,-13.82220458984375,-13.82220458984375,-13.82220458984375,-13.82220458984375,-13.82220458984375,-5.8196821212768555,-13.82220458984375,-13.82220458984375,-13.82220458984375,-13.82220458984375,-13.82220458984375,-13.82220458984375,-13.82220458984375,-13.82220458984375,-13.82220458984375,-13.82220458984375,-13.82220458984375,-13.82220458984375,-13.82220458984375,-13.82220458984375,-13.82220458984375,-13.82220458984375,-13.82220458984375,-13.82220458984375,-13.82220458984375,-13.82220458984375,-13.82220458984375,-13.82220458984375,-13.82220458984375,-13.82220458984375,-13.82220458984375,-13.82220458984375,-13.82220458984375,-13.82220458984375,-13.82220458984375,-13.82220458984375,-13.82220458984375,-13.82220458984375,-13.82220458984375,-13.82220458984375,-13.82220458984375,-13.82220458984375,-13.82220458984375,-13.82220458984375,-14.516275405883789,-13.243083000183105,-13.82220458984375,-0.542695164680481,-13.82220458984375,-13.82220458984375,-13.82220458984375,-inf,-inf,-inf,-inf,-inf,-inf,-inf,-inf,-inf,-inf,-inf,-inf,-inf,-inf,-inf,-inf,-inf,-inf,-inf,-inf,-13.82220458984375,-10.387269973754883,-16.56266975402832,-5.160030841827393,-12.639135360717773,-7.844735145568848,-10.864826202392578,-12.308141708374023,-12.085516929626465,-11.685999870300293,-23.177452087402344,-23.177452087402344,-23.177452087402344,-23.177452087402344,-23.177452087402344,-23.177452087402344,-23.177452087402344,-23.177452087402344,-23.177452087402344,-23.177452087402344,-23.177452087402344,-23.177452087402344,-23.177452087402344,-23.177452087402344,-23.177452087402344,-23.177452087402344,-23.177452087402344,-23.177452087402344,-23.177452087402344,-23.177452087402344,-23.177452087402344,-23.177452087402344,-23.177452087402344,-23.177452087402344,-23.177452087402344,-23.177452087402344,-23.177452087402344,-23.177452087402344,-23.177452087402344,-23.177452087402344,-23.177452087402344,-23.177452087402344,-23.177452087402344,-23.177452087402344,-23.177452087402344,-23.177452087402344,-23.177452087402344,-23.177452087402344,-23.177452087402344,-23.177452087402344,-23.177452087402344,-23.177452087402344,-23.177452087402344,-22.40995979309082,-23.177452087402344,-23.177452087402344,-23.177452087402344,-23.177452087402344,-23.177452087402344,-23.177452087402344,-23.177452087402344,-23.177452087402344,-23.177452087402344,-23.177452087402344,-23.177452087402344,-23.580629348754883,-23.177452087402344,-24.139476776123047,-23.177452087402344,-23.177452087402344,-23.177452087402344,-23.177452087402344,-23.177452087402344,-23.177452087402344,-23.177452087402344,-23.177452087402344,-23.177452087402344,-23.177452087402344,-23.177452087402344,-23.177452087402344,-23.177452087402344,-23.177452087402344,-23.177452087402344,-23.177452087402344,-23.177452087402344,-23.177452087402344,-23.177452087402344,-23.177452087402344,-23.177452087402344,-23.177452087402344,-23.177452087402344,-23.177452087402344,-23.177452087402344,-23.177452087402344,-23.177452087402344,-23.177452087402344,-22.608413696289062,-23.177452087402344,-23.177452087402344,-23.177452087402344,-23.177452087402344,-23.177452087402344,-23.177452087402344,-23.177452087402344,-23.177452087402344,-23.177452087402344,-23.177452087402344,-23.64822769165039,-23.177452087402344,-23.592424392700195,-23.177452087402344,-23.177452087402344,-23.177452087402344,-23.177452087402344,-23.177452087402344,-23.177452087402344,-23.177452087402344,-23.177452087402344,-23.177452087402344,-23.177452087402344,-23.177452087402344,-23.177452087402344,-23.177452087402344,-23.177452087402344,-23.177452087402344,-23.177452087402344,-22.877567291259766,-23.177452087402344,-23.177452087402344,-23.177452087402344,-23.177452087402344,-23.177452087402344,-23.177452087402344,-23.177452087402344,-23.177452087402344,-23.177452087402344,-23.177452087402344,-23.177452087402344,-23.177452087402344,-23.177452087402344,-23.177452087402344,-23.177452087402344,-23.177452087402344,-23.177452087402344,-23.177452087402344,-23.177452087402344,-23.177452087402344,-23.177452087402344,-23.177452087402344,-23.177452087402344,-23.177452087402344,-23.177452087402344,-23.177452087402344,-23.177452087402344,-23.177452087402344,-23.177452087402344,-23.177452087402344,-23.177452087402344,-23.177452087402344,-23.177452087402344,-23.177452087402344,-23.177452087402344,-23.177452087402344,-23.177452087402344,-23.177452087402344,-23.008081436157227,-23.568058013916016,-23.177452087402344,-22.689001083374023,-23.177452087402344,-23.177452087402344,-23.177452087402344,-inf,-inf,-inf,-inf,-inf,-inf,-inf,-inf,-inf,-inf,-inf,-inf,-inf,-inf,-inf,-inf,-inf,-inf,-inf,-inf,-4.768370445162873e-07,-14.587799072265625,-22.06337547302246,-22.06337547302246,-22.06337547302246,-22.06337547302246,-22.06337547302246,-22.06337547302246,-22.06337547302246,-22.06337547302246,-22.06337547302246,-22.06337547302246,-22.06337547302246,-22.06337547302246,-22.06337547302246,-22.06337547302246,-22.06337547302246,-22.06337547302246,-22.06337547302246,-22.06337547302246,-22.06337547302246,-22.06337547302246,-22.06337547302246,-22.06337547302246,-22.06337547302246,-22.06337547302246,-22.06337547302246,-22.06337547302246,-22.06337547302246,-22.06337547302246,-22.06337547302246,-22.06337547302246,-22.06337547302246,-22.06337547302246,-22.06337547302246,-22.06337547302246,-22.06337547302246,-22.06337547302246,-22.06337547302246,-22.06337547302246,-22.06337547302246,-22.06337547302246,-22.06337547302246,-22.06337547302246,-22.06337547302246,-21.74087142944336,-22.06337547302246,-22.06337547302246,-22.06337547302246,-22.06337547302246,-22.06337547302246,-22.06337547302246,-22.06337547302246,-22.06337547302246,-22.06337547302246,-22.06337547302246,-22.06337547302246,-22.045345306396484,-22.06337547302246,-0.00031454383861273527,-22.06337547302246,-22.06337547302246,-22.06337547302246,-22.06337547302246,-22.06337547302246,-22.06337547302246,-22.06337547302246,-22.06337547302246,-22.06337547302246,-22.06337547302246,-22.06337547302246,-22.06337547302246,-22.06337547302246,-22.06337547302246,-22.06337547302246,-22.06337547302246,-22.06337547302246,-22.06337547302246,-22.06337547302246,-22.06337547302246,-22.06337547302246,-22.06337547302246,-22.06337547302246,-22.06337547302246,-22.06337547302246,-22.06337547302246,-22.06337547302246,-22.06337547302246,-22.2965030670166,-22.06337547302246,-22.06337547302246,-22.06337547302246,-22.06337547302246,-22.06337547302246,-22.06337547302246,-22.06337547302246,-22.06337547302246,-22.06337547302246,-22.06337547302246,-22.499271392822266,-22.06337547302246,-17.289642333984375,-22.06337547302246,-22.06337547302246,-22.06337547302246,-22.06337547302246,-22.06337547302246,-22.06337547302246,-22.06337547302246,-22.06337547302246,-22.06337547302246,-22.06337547302246,-22.06337547302246,-22.06337547302246,-22.06337547302246,-22.06337547302246,-22.06337547302246,-22.06337547302246,-22.469043731689453,-22.06337547302246,-22.06337547302246,-22.06337547302246,-22.06337547302246,-22.06337547302246,-22.06337547302246,-22.06337547302246,-22.06337547302246,-22.06337547302246,-22.06337547302246,-22.06337547302246,-22.06337547302246,-22.06337547302246,-22.06337547302246,-22.06337547302246,-22.06337547302246,-22.06337547302246,-22.06337547302246,-22.06337547302246,-22.06337547302246,-22.06337547302246,-22.06337547302246,-22.06337547302246,-22.06337547302246,-22.06337547302246,-22.06337547302246,-22.06337547302246,-22.06337547302246,-22.06337547302246,-22.06337547302246,-22.06337547302246,-22.06337547302246,-22.06337547302246,-22.06337547302246,-22.06337547302246,-22.06337547302246,-22.06337547302246,-22.06337547302246,-22.433330535888672,-22.320568084716797,-22.06337547302246,-22.318439483642578,-22.06337547302246,-22.06337547302246,-22.06337547302246,-inf,-inf,-inf,-inf,-inf,-inf,-inf,-inf,-inf,-inf,-inf,-inf,-inf,-inf,-inf,-inf,-inf,-inf,-inf,-inf,-8.066590309143066,-14.322502136230469
9,-14.89450454711914,-14.89450454711914,-14.89450454711914,-14.89450454711914,-14.89450454711914,-14.89450454711914,-14.89450454711914,-14.89450454711914,-14.89450454711914,-14.89450454711914,-14.89450454711914,-14.89450454711914,-14.89450454711914,-14.89450454711914,-14.89450454711914,-14.89450454711914,-14.89450454711914,-14.89450454711914,-14.89450454711914,-14.89450454711914,-14.89450454711914,-14.89450454711914,-14.89450454711914,-14.89450454711914,-14.89450454711914,-14.89450454711914,-14.89450454711914,-14.89450454711914,-14.89450454711914,-14.89450454711914,-14.89450454711914,-14.89450454711914,-14.89450454711914,-14.89450454711914,-14.89450454711914,-14.89450454711914,-14.89450454711914,-14.89450454711914,-14.89450454711914,-14.89450454711914,-14.89450454711914,-14.89450454711914,-14.89450454711914,-9.654316902160645,-14.89450454711914,-14.89450454711914,-14.89450454711914,-14.89450454711914,-14.89450454711914,-14.89450454711914,-14.89450454711914,-14.89450454711914,-14.89450454711914,-14.89450454711914,-14.89450454711914,-0.0005660838796757162,-14.89450454711914,-15.407666206359863,-14.89450454711914,-14.89450454711914,-14.89450454711914,-14.89450454711914,-14.89450454711914,-14.89450454711914,-14.89450454711914,-14.89450454711914,-14.89450454711914,-14.89450454711914,-14.89450454711914,-14.89450454711914,-14.89450454711914,-14.89450454711914,-14.89450454711914,-14.89450454711914,-14.89450454711914,-14.89450454711914,-14.89450454711914,-14.89450454711914,-14.89450454711914,-14.89450454711914,-14.89450454711914,-14.89450454711914,-14.89450454711914,-14.89450454711914,-14.89450454711914,-14.89450454711914,-16.641237258911133,-14.89450454711914,-14.89450454711914,-14.89450454711914,-14.89450454711914,-14.89450454711914,-14.89450454711914,-14.89450454711914,-14.89450454711914,-14.89450454711914,-14.89450454711914,-19.51987075805664,-14.89450454711914,-15.409510612487793,-14.89450454711914,-14.89450454711914,-14.89450454711914,-14.89450454711914,-14.89450454711914,-14.89450454711914,-14.89450454711914,-14.89450454711914,-14.89450454711914,-14.89450454711914,-14.89450454711914,-14.89450454711914,-14.89450454711914,-14.89450454711914,-14.89450454711914,-14.89450454711914,-11.919283866882324,-14.89450454711914,-14.89450454711914,-14.89450454711914,-14.89450454711914,-14.89450454711914,-14.89450454711914,-14.89450454711914,-14.89450454711914,-14.89450454711914,-14.89450454711914,-14.89450454711914,-14.89450454711914,-14.89450454711914,-14.89450454711914,-14.89450454711914,-14.89450454711914,-14.89450454711914,-14.89450454711914,-14.89450454711914,-14.89450454711914,-14.89450454711914,-14.89450454711914,-14.89450454711914,-14.89450454711914,-14.89450454711914,-14.89450454711914,-14.89450454711914,-14.89450454711914,-14.89450454711914,-14.89450454711914,-14.89450454711914,-14.89450454711914,-14.89450454711914,-14.89450454711914,-14.89450454711914,-14.89450454711914,-14.89450454711914,-14.89450454711914,-10.937417030334473,-14.077452659606934,-14.89450454711914,-9.624743461608887,-14.89450454711914,-14.89450454711914,-14.89450454711914,-inf,-inf,-inf,-inf,-inf,-inf,-inf,-inf,-inf,-inf,-inf,-inf,-inf,-inf,-inf,-inf,-inf,-inf,-inf,-inf,-14.89450454711914,-7.954177379608154,-13.270439147949219,-9.256011962890625,-10.98093032836914,8.280478477478027,-9.770833969116211,-10.958856582641602,-12.527761459350586,-10.39423656463623,-20.97907257080078,-20.97907257080078,-20.97907257080078,-20.97907257080078,-20.97907257080078,-20.97907257080078,-20.97907257080078,-20.97907257080078,-20.97907257080078,-20.97907257080078,-20.97907257080078,-20.97907257080078,-20.97907257080078,-20.97907257080078,-20.97907257080078,-20.97907257080078,-20.97907257080078,-20.97907257080078,-20.97907257080078,-20.97907257080078,-20.97907257080078,-20.97907257080078,-20.97907257080078,-20.97907257080078,-20.97907257080078,-20.97907257080078,-20.97907257080078,-20.97907257080078,-20.97907257080078,-20.97907257080078,-20.97907257080078,-20.97907257080078,-20.97907257080078,-20.97907257080078,-20.97907257080078,-20.97907257080078,-20.97907257080078,-20.97907257080078,-20.97907257080078,-20.97907257080078,-20.97907257080078,-20.97907257080078,-20.97907257080078,-20.279430389404297,-20.97907257080078,-20.97907257080078,-20.97907257080078,-20.97907257080078,-20.97907257080078,-20.97907257080078,-20.97907257080078,-20.97907257080078,-20.97907257080078,-20.97907257080078,-20.97907257080078,-21.394500732421875,-20.97907257080078,-21.275684356689453,-20.97907257080078,-20.97907257080078,-20.97907257080078,-20.97907257080078,-20.97907257080078,-20.97907257080078,-20.97907257080078,-20.97907257080078,-20.97907257080078,-20.97907257080078,-20.97907257080078,-20.97907257080078,-20.97907257080078,-20.97907257080078,-20.97907257080078,-20.97907257080078,-20.97907257080078,-20.97907257080078,-20.97907257080078,-20.97907257080078,-20.97907257080078,-20.97907257080078,-20.97907257080078,-20.97907257080078,-20.97907257080078,-20.97907257080078,-20.97907257080078,-20.97907257080078,-20.268993377685547,-20.97907257080078,-20.97907257080078,-20.97907257080078,-20.97907257080078,-20.97907257080078,-20.97907257080078,-20.97907257080078,-20.97907257080078,-20.97907257080078,-20.97907257080078,-21.227062225341797,-20.97907257080078,-21.11138343811035,-20.97907257080078,-20.97907257080078,-20.97907257080078,-20.97907257080078,-20.97907257080078,-20.97907257080078,-20.97907257080078,-20.97907257080078,-20.97907257080078,-20.97907257080078,-20.97907257080078,-20.97907257080078,-20.97907257080078,-20.97907257080078,-20.97907257080078,-20.97907257080078,-20.79945945739746,-20.97907257080078,-20.97907257080078,-20.97907257080078,-20.97907257080078,-20.97907257080078,-20.97907257080078,-20.97907257080078,-20.97907257080078,-20.97907257080078,-20.97907257080078,-20.97907257080078,-20.97907257080078,-20.97907257080078,-20.97907257080078,-20.97907257080078,-20.97907257080078,-20.97907257080078,-20.97907257080078,-20.97907257080078,-20.97907257080078,-20.97907257080078,-20.97907257080078,-20.97907257080078,-20.97907257080078,-20.97907257080078,-20.97907257080078,-20.97907257080078,-20.97907257080078,-20.97907257080078,-20.97907257080078,-20.97907257080078,-20.97907257080078,-20.97907257080078,-20.97907257080078,-20.97907257080078,-20.97907257080078,-20.97907257080078,-20.97907257080078,-20.9359073638916,-21.16991424560547,-20.97907257080078,-21.09003257751465,-20.97907257080078,-20.97907257080078,-20.97907257080078,-inf,-inf,-inf,-inf,-inf,-inf,-inf,-inf,-inf,-inf,-inf,-inf,-inf,-inf,-inf,-inf,-inf,-inf,-inf,-inf,-6.437094270950183e-05,-9.65210247039795,-22.013933181762695,-22.013933181762695,-22.013933181762695,-22.013933181762695,-22.013933181762695,-22.013933181762695,-22.013933181762695,-22.013933181762695,-22.013933181762695,-22.013933181762695,-22.013933181762695,-22.013933181762695,-22.013933181762695,-22.013933181762695,-22.013933181762695,-22.013933181762695,-22.013933181762695,-22.013933181762695,-22.013933181762695,-22.013933181762695,-22.013933181762695,-22.013933181762695,-22.013933181762695,-22.013933181762695,-22.013933181762695,-22.013933181762695,-22.013933181762695,-22.013933181762695,-22.013933181762695,-22.013933181762695,-22.013933181762695,-22.013933181762695,-22.013933181762695,-22.013933181762695,-22.013933181762695,-22.013933181762695,-22.013933181762695,-22.013933181762695,-22.013933181762695,-22.013933181762695,-22.013933181762695,-22.013933181762695,-22.013933181762695,-21.995166778564453,-22.013933181762695,-22.013933181762695,-22.013933181762695,-22.013933181762695,-22.013933181762695,-22.013933181762695,-22.013933181762695,-22.013933181762695,-22.013933181762695,-22.013933181762695,-22.013933181762695,-22.097196578979492,-22.013933181762695,-9.778936386108398,-22.013933181762695,-22.013933181762695,-22.013933181762695,-22.013933181762695,-22.013933181762695,-22.013933181762695,-22.013933181762695,-22.013933181762695,-22.013933181762695,-22.013933181762695,-22.013933181762695,-22.013933181762695,-22.013933181762695,-22.013933181762695,-22.013933181762695,-22.013933181762695,-22.013933181762695,-22.013933181762695,-22.013933181762695,-22.013933181762695,-22.013933181762695,-22.013933181762695,-22.013933181762695,-22.013933181762695,-22.013933181762695,-22.013933181762695,-22.013933181762695,-22.013933181762695,-22.30741310119629,-22.013933181762695,-22.013933181762695,-22.013933181762695,-22.013933181762695,-22.013933181762695,-22.013933181762695,-22.013933181762695,-22.013933181762695,-22.013933181762695,-22.013933181762695,-22.17491912841797,-22.013933181762695,-17.24515724182129,-22.013933181762695,-22.013933181762695,-22.013933181762695,-22.013933181762695,-22.013933181762695,-22.013933181762695,-22.013933181762695,-22.013933181762695,-22.013933181762695,-22.013933181762695,-22.013933181762695,-22.013933181762695,-22.013933181762695,-22.013933181762695,-22.013933181762695,-22.013933181762695,-21.94719696044922,-22.013933181762695,-22.013933181762695,-22.013933181762695,-22.013933181762695,-22.013933181762695,-22.013933181762695,-22.013933181762695,-22.013933181762695,-22.013933181762695,-22.013933181762695,-22.013933181762695,-22.013933181762695,-22.013933181762695,-22.013933181762695,-22.013933181762695,-22.013933181762695,-22.013933181762695,-22.013933181762695,-22.013933181762695,-22.013933181762695,-22.013933181762695,-22.013933181762695,-22.013933181762695,-22.013933181762695,-22.013933181762695,-22.013933181762695,-22.013933181762695,-22.013933181762695,-22.013933181762695,-22.013933181762695,-22.013933181762695,-22.013933181762695,-22.013933181762695,-22.013933181762695,-22.013933181762695,-22.013933181762695,-22.013933181762695,-22.013933181762695,-22.380924224853516,-22.846492767333984,-22.013933181762695,-21.85121726989746,-22.013933181762695,-22.013933181762695,-22.013933181762695,-inf,-inf,-inf,-inf,-inf,-inf,-inf,-inf,-inf,-inf,-inf,-inf,-inf,-inf,-inf,-inf,-inf,-inf,-inf,-inf,-0.00010418349120300263,-9.95427131652832
10,-20.69949722290039,-20.69949722290039,-20.69949722290039,-20.69949722290039,-20.69949722290039,-20.69949722290039,-20.69949722290039,-20.69949722290039,-20.69949722290039,-20.69949722290039,-20.69949722290039,-20.69949722290039,-20.69949722290039,-20.69949722290039,-20.69949722290039,-20.69949722290039,-20.69949722290039,-20.69949722290039,-20.69949722290039,-20.69949722290039,-20.69949722290039,-20.69949722290039,-20.69949722290039,-20.69949722290039,-20.69949722290039,-20.69949722290039,-20.69949722290039,-20.69949722290039,-20.69949722290039,-20.69949722290039,-20.69949722290039,-20.69949722290039,-20.69949722290039,-20.69949722290039,-20.69949722290039,-20.69949722290039,-20.69949722290039,-20.69949722290039,-20.69949722290039,-20.69949722290039,-20.69949722290039,-20.69949722290039,-20.69949722290039,-20.634897232055664,-20.69949722290039,-20.69949722290039,-20.69949722290039,-20.69949722290039,-20.69949722290039,-20.69949722290039,-20.69949722290039,-20.69949722290039,-20.69949722290039,-20.69949722290039,-20.69949722290039,-10.700728416442871,-20.69949722290039,-20.73003578186035,-20.69949722290039,-20.69949722290039,-20.69949722290039,-20.69949722290039,-20.69949722290039,-20.69949722290039,-20.69949722290039,-20.69949722290039,-20.69949722290039,-20.69949722290039,-20.69949722290039,-20.69949722290039,-20.69949722290039,-20.69949722290039,-20.69949722290039,-20.69949722290039,-20.69949722290039,-20.69949722290039,-20.69949722290039,-20.69949722290039,-20.69949722290039,-20.69949722290039,-20.69949722290039,-20.69949722290039,-20.69949722290039,-20.69949722290039,-20.69949722290039,-20.69949722290039,-24.756792068481445,-20.69949722290039,-20.69949722290039,-20.69949722290039,-20.69949722290039,-20.69949722290039,-20.69949722290039,-20.69949722290039,-20.69949722290039,-20.69949722290039,-20.69949722290039,-31.113636016845703,-20.69949722290039,-21.423404693603516,-20.69949722290039,-20.69949722290039,-20.69949722290039,-20.69949722290039,-20.69949722290039,-20.69949722290039,-20.69949722290039,-20.69949722290039,-20.69949722290039,-20.69949722290039,-20.69949722290039,-20.69949722290039,-20.69949722290039,-20.69949722290039,-20.69949722290039,-20.69949722290039,-18.41114616394043,-20.69949722290039,-20.69949722290039,-20.69949722290039,-20.69949722290039,-20.69949722290039,-20.69949722290039,-20.69949722290039,-20.69949722290039,-20.69949722290039,-20.69949722290039,-20.69949722290039,-20.69949722290039,-20.69949722290039,-20.69949722290039,-20.69949722290039,-20.69949722290039,-20.69949722290039,-20.69949722290039,-20.69949722290039,-20.69949722290039,-20.69949722290039,-20.69949722290039,-20.69949722290039,-20.69949722290039,-20.69949722290039,-20.69949722290039,-20.69949722290039,-20.69949722290039,-20.69949722290039,-20.69949722290039,-20.69949722290039,-20.69949722290039,-20.69949722290039,-20.69949722290039,-20.69949722290039,-20.69949722290039,-20.69949722290039,-20.69949722290039,-16.43449592590332,-25.382415771484375,-20.69949722290039,-19.979196548461914,-20.69949722290039,-20.69949722290039,-20.69949722290039,-inf,-inf,-inf,-inf,-inf,-inf,-inf,-inf,-inf,-inf,-inf,-inf,-inf,-inf,-inf,-inf,-inf,-inf,-inf,-inf,-20.69949722290039,-2.276871418871451e-05,-6.91309118270874,-7.555724143981934,-9.017070770263672,7.69325065612793,-5.35160493850708,-6.883702278137207,-10.38288688659668,-6.222652435302734,-20.549072265625,-20.549072265625,-20.549072265625,-20.549072265625,-20.549072265625,-20.549072265625,-20.549072265625,-20.549072265625,-20.549072265625,-20.549072265625,-20.549072265625,-20.549072265625,-20.549072265625,-20.549072265625,-20.549072265625,-20.549072265625,-20.549072265625,-20.549072265625,-20.549072265625,-20.549072265625,-20.549072265625,-20.549072265625,-20.549072265625,-20.549072265625,-20.549072265625,-20.549072265625,-20.549072265625,-20.549072265625,-20.549072265625,-20.549072265625,-20.549072265625,-20.549072265625,-20.549072265625,-20.549072265625,-20.549072265625,-20.549072265625,-20.549072265625,-20.549072265625,-20.549072265625,-20.549072265625,-20.549072265625,-20.549072265625,-20.549072265625,-20.093944549560547,-20.549072265625,-20.549072265625,-20.549072265625,-20.549072265625,-20.549072265625,-20.549072265625,-20.549072265625,-20.549072265625,-20.549072265625,-20.549072265625,-20.549072265625,-21.053871154785156,-20.549072265625,-20.325157165527344,-20.549072265625,-20.549072265625,-20.549072265625,-20.549072265625,-20.549072265625,-20.549072265625,-20.549072265625,-20.549072265625,-20.549072265625,-20.549072265625,-20.549072265625,-20.549072265625,-20.549072265625,-20.549072265625,-20.549072265625,-20.549072265625,-20.549072265625,-20.549072265625,-20.549072265625,-20.549072265625,-20.549072265625,-20.549072265625,-20.549072265625,-20.549072265625,-20.549072265625,-20.549072265625,-20.549072265625,-20.549072265625,-19.714088439941406,-20.549072265625,-20.549072265625,-20.549072265625,-20.549072265625,-20.549072265625,-20.549072265625,-20.549072265625,-20.549072265625,-20.549072265625,-20.549072265625,-20.808534622192383,-20.549072265625,-19.89312171936035,-20.549072265625,-20.549072265625,-20.549072265625,-20.549072265625,-20.549072265625,-20.549072265625,-20.549072265625,-20.549072265625,-20.549072265625,-20.549072265625,-20.549072265625,-20.549072265625,-20.549072265625,-20.549072265625,-20.549072265625,-20.549072265625,-20.65275764465332,-20.549072265625,-20.549072265625,-20.549072265625,-20.549072265625,-20.549072265625,-20.549072265625,-20.549072265625,-20.549072265625,-20.549072265625,-20.549072265625,-20.549072265625,-20.549072265625,-20.549072265625,-20.549072265625,-20.549072265625,-20.549072265625,-20.549072265625,-20.549072265625,-20.549072265625,-20.549072265625,-20.549072265625,-20.549072265625,-20.549072265625,-20.549072265625,-20.549072265625,-20.549072265625,-20.549072265625,-20.549072265625,-20.549072265625,-20.549072265625,-20.549072265625,-20.549072265625,-20.549072265625,-20.549072265625,-20.549072265625,-20.549072265625,-20.549072265625,-20.549072265625,-20.4224796295166,-20.49786376953125,-20.549072265625,-20.408920288085938,-20.549072265625,-20.549072265625,-20.549072265625,-inf,-inf,-inf,-inf,-inf,-inf,-inf,-inf,-inf,-inf,-inf,-inf,-inf,-inf,-inf,-inf,-inf,-inf,-inf,-inf,-10.57699203491211,-2.5629668016335927e-05,-20.36671257019043,-20.36671257019043,-20.36671257019043,-20.36671257019043,-20.36671257019043,-20.36671257019043,-20.36671257019043,-20.36671257019043,-20.36671257019043,-20.36671257019043,-20.36671257019043,-20.36671257019043,-20.36671257019043,-20.36671257019043,-20.36671257019043,-20.36671257019043,-20.36671257019043,-20.36671257019043,-20.36671257019043,-20.36671257019043,-20.36671257019043,-20.36671257019043,-20.36671257019043,-20.36671257019043,-20.36671257019043,-20.36671257019043,-20.36671257019043,-20.36671257019043,-20.36671257019043,-20.36671257019043,-20.36671257019043,-20.36671257019043,-20.36671257019043,-20.36671257019043,-20.36671257019043,-20.36671257019043,-20.36671257019043,-20.36671257019043,-20.36671257019043,-20.36671257019043,-20.36671257019043,-20.36671257019043,-20.36671257019043,-20.369464874267578,-20.36671257019043,-20.36671257019043,-20.36671257019043,-20.36671257019043,-20.36671257019043,-20.36671257019043,-20.36671257019043,-20.36671257019043,-20.36671257019043,-20.36671257019043,-20.36671257019043,-20.07246208190918,-20.36671257019043,-19.381427764892578,-20.36671257019043,-20.36671257019043,-20.36671257019043,-20.36671257019043,-20.36671257019043,-20.36671257019043,-20.36671257019043,-20.36671257019043,-20.36671257019043,-20.36671257019043,-20.36671257019043,-20.36671257019043,-20.36671257019043,-20.36671257019043,-20.36671257019043,-20.36671257019043,-20.36671257019043,-20.36671257019043,-20.36671257019043,-20.36671257019043,-20.36671257019043,-20.36671257019043,-20.36671257019043,-20.36671257019043,-20.36671257019043,-20.36671257019043,-20.36671257019043,-20.36671257019043,-20.748401641845703,-20.36671257019043,-20.36671257019043,-20.36671257019043,-20.36671257019043,-20.36671257019043,-20.36671257019043,-20.36671257019043,-20.36671257019043,-20.36671257019043,-20.36671257019043,-21.134687423706055,-20.36671257019043,-15.912524223327637,-20.36671257019043,-20.36671257019043,-20.36671257019043,-20.36671257019043,-20.36671257019043,-20.36671257019043,-20.36671257019043,-20.36671257019043,-20.36671257019043,-20.36671257019043,-20.36671257019043,-20.36671257019043,-20.36671257019043,-20.36671257019043,-20.36671257019043,-20.36671257019043,-20.741209030151367,-20.36671257019043,-20.36671257019043,-20.36671257019043,-20.36671257019043,-20.36671257019043,-20.36671257019043,-20.36671257019043,-20.36671257019043,-20.36671257019043,-20.36671257019043,-20.36671257019043,-20.36671257019043,-20.36671257019043,-20.36671257019043,-20.36671257019043,-20.36671257019043,-20.36671257019043,-20.36671257019043,-20.36671257019043,-20.36671257019043,-20.36671257019043,-20.36671257019043,-20.36671257019043,-20.36671257019043,-20.36671257019043,-20.36671257019043,-20.36671257019043,-20.36671257019043,-20.36671257019043,-20.36671257019043,-20.36671257019043,-20.36671257019043,-20.36671257019043,-20.36671257019043,-20.36671257019043,-20.36671257019043,-20.36671257019043,-20.36671257019043,-20.31736183166504,-20.78289222717285,-20.36671257019043,-19.890893936157227,-20.36671257019043,-20.36671257019043,-20.36671257019043,-inf,-inf,-inf,-inf,-inf,-inf,-inf,-inf,-inf,-inf,-inf,-inf,-inf,-inf,-inf,-inf,-inf,-inf,-inf,-inf,-10.937304496765137,-1.811964830267243e-05
11,-21.497283935546875,-21.497283935546875,-21.497283935546875,-21.497283935546875,-21.497283935546875,-21.497283935546875,-21.497283935546875,-21.497283935546875,-21.497283935546875,-21.497283935546875,-21.497283935546875,-21.497283935546875,-21.497283935546875,-21.497283935546875,-21.497283935546875,-21.497283935546875,-21.497283935546875,-21.497283935546875,-21.497283935546875,-21.497283935546875,-21.497283935546875,-21.497283935546875,-21.497283935546875,-21.497283935546875,-21.497283935546875,-21.497283935546875,-21.497283935546875,-21.497283935546875,-21.497283935546875,-21.497283935546875,-21.497283935546875,-21.497283935546875,-21.497283935546875,-21.497283935546875,-21.497283935546875,-21.497283935546875,-21.497283935546875,-21.497283935546875,-21.497283935546875,-21.497283935546875,-21.497283935546875,-21.497283935546875,-21.497283935546875,-24.496580123901367,-21.497283935546875,-21.497283935546875,-21.497283935546875,-21.497283935546875,-21.497283935546875,-21.497283935546875,-21.497283935546875,-21.497283935546875,-21.497283935546875,-21.497283935546875,-21.497283935546875,-15.242822647094727,-21.497283935546875,-21.356691360473633,-21.497283935546875,-21.497283935546875,-21.497283935546875,-21.497283935546875,-21.497283935546875,-21.497283935546875,-21.497283935546875,-21.497283935546875,-21.497283935546875,-21.497283935546875,-21.497283935546875,-21.497283935546875,-21.497283935546875,-21.497283935546875,-21.497283935546875,-21.497283935546875,-21.497283935546875,-21.497283935546875,-21.497283935546875,-21.497283935546875,-21.497283935546875,-21.497283935546875,-21.497283935546875,-21.497283935546875,-21.497283935546875,-21.497283935546875,-21.497283935546875,-21.497283935546875,-23.519603729248047,-21.497283935546875,-21.497283935546875,-21.497283935546875,-21.497283935546875,-21.497283935546875,-21.497283935546875,-21.497283935546875,-21.497283935546875,-21.497283935546875,-21.497283935546875,-30.765716552734375,-21.497283935546875,-21.673568725585938,-21.497283935546875,-21.497283935546875,-21.497283935546875,-21.497283935546875,-21.497283935546875,-21.497283935546875,-21.497283935546875,-21.497283935546875,-21.497283935546875,-21.497283935546875,-21.497283935546875,-21.497283935546875,-21.497283935546875,-21.497283935546875,-21.497283935546875,-21.497283935546875,-21.501890182495117,-21.497283935546875,-21.497283935546875,-21.497283935546875,-21.497283935546875,-21.497283935546875,-21.497283935546875,-21.497283935546875,-21.497283935546875,-21.497283935546875,-21.497283935546875,-21.497283935546875,-21.497283935546875,-21.497283935546875,-21.497283935546875,-21.497283935546875,-21.497283935546875,-21.497283935546875,-21.497283935546875,-21.497283935546875,-21.497283935546875,-21.497283935546875,-21.497283935546875,-21.497283935546875,-21.497283935546875,-21.497283935546875,-21.497283935546875,-21.497283935546875,-21.497283935546875,-21.497283935546875,-21.497283935546875,-21.497283935546875,-21.497283935546875,-21.497283935546875,-21.497283935546875,-21.497283935546875,-21.497283935546875,-21.497283935546875,-21.497283935546875,-19.57501792907715,-28.04457664489746,-21.497283935546875,-22.918981552124023,-21.497283935546875,-21.497283935546875,-21.497283935546875,-inf,-inf,-inf,-inf,-inf,-inf,-inf,-inf,-inf,-inf,-inf,-inf,-inf,-inf,-inf,-inf,-inf,-inf,-inf,-inf,-21.497283935546875,-2.3841855067985307e-07,-3.952556848526001,-3.918792247772217,-4.641853332519531,2.7709248065948486,-2.9057226181030273,-2.9557127952575684,-5.725201606750488,-3.10379695892334,-20.223812103271484,-20.223812103271484,-20.223812103271484,-20.223812103271484,-20.223812103271484,-20.223812103271484,-20.223812103271484,-20.223812103271484,-20.223812103271484,-20.223812103271484,-20.223812103271484,-20.223812103271484,-20.223812103271484,-20.223812103271484,-20.223812103271484,-20.223812103271484,-20.223812103271484,-20.223812103271484,-20.223812103271484,-20.223812103271484,-20.223812103271484,-20.223812103271484,-20.223812103271484,-20.223812103271484,-20.223812103271484,-20.223812103271484,-20.223812103271484,-20.223812103271484,-20.223812103271484,-20.223812103271484,-20.223812103271484,-20.223812103271484,-20.223812103271484,-20.223812103271484,-20.223812103271484,-20.223812103271484,-20.223812103271484,-20.223812103271484,-20.223812103271484,-20.223812103271484,-20.223812103271484,-20.223812103271484,-20.223812103271484,-20.020389556884766,-20.223812103271484,-20.223812103271484,-20.223812103271484,-20.223812103271484,-20.223812103271484,-20.223812103271484,-20.223812103271484,-20.223812103271484,-20.223812103271484,-20.223812103271484,-20.223812103271484,-20.300628662109375,-20.223812103271484,-20.126304626464844,-20.223812103271484,-20.223812103271484,-20.223812103271484,-20.223812103271484,-20.223812103271484,-20.223812103271484,-20.223812103271484,-20.223812103271484,-20.223812103271484,-20.223812103271484,-20.223812103271484,-20.223812103271484,-20.223812103271484,-20.223812103271484,-20.223812103271484,-20.223812103271484,-20.223812103271484,-20.223812103271484,-20.223812103271484,-20.223812103271484,-20.223812103271484,-20.223812103271484,-20.223812103271484,-20.223812103271484,-20.223812103271484,-20.223812103271484,-20.223812103271484,-20.223812103271484,-19.629240036010742,-20.223812103271484,-20.223812103271484,-20.223812103271484,-20.223812103271484,-20.223812103271484,-20.223812103271484,-20.223812103271484,-20.223812103271484,-20.223812103271484,-20.223812103271484,-19.938608169555664,-20.223812103271484,-19.783531188964844,-20.223812103271484,-20.223812103271484,-20.223812103271484,-20.223812103271484,-20.223812103271484,-20.223812103271484,-20.223812103271484,-20.223812103271484,-20.223812103271484,-20.223812103271484,-20.223812103271484,-20.223812103271484,-20.223812103271484,-20.223812103271484,-20.223812103271484,-20.223812103271484,-20.45972442626953,-20.223812103271484,-20.223812103271484,-20.223812103271484,-20.223812103271484,-20.223812103271484,-20.223812103271484,-20.223812103271484,-20.223812103271484,-20.223812103271484,-20.223812103271484,-20.223812103271484,-20.223812103271484,-20.223812103271484,-20.223812103271484,-20.223812103271484,-20.223812103271484,-20.223812103271484,-20.223812103271484,-20.223812103271484,-20.223812103271484,-20.223812103271484,-20.223812103271484,-20.223812103271484,-20.223812103271484,-20.223812103271484,-20.223812103271484,-20.223812103271484,-20.223812103271484,-20.223812103271484,-20.223812103271484,-20.223812103271484,-20.223812103271484,-20.223812103271484,-20.223812103271484,-20.223812103271484,-20.223812103271484,-20.223812103271484,-20.223812103271484,-20.23098373413086,-20.22173309326172,-20.223812103271484,-20.355436325073242,-20.223812103271484,-20.223812103271484,-20.223812103271484,-inf,-inf,-inf,-inf,-inf,-inf,-inf,-inf,-inf,-inf,-inf,-inf,-inf,-inf,-inf,-inf,-inf,-inf,-inf,-inf,-17.410694122314453,-2.3841855067985307e-07,-19.565444946289062,-19.565444946289062,-19.565444946289062,-19.565444946289062,-19.565444946289062,-19.565444946289062,-19.565444946289062,-19.565444946289062,-19.565444946289062,-19.565444946289062,-19.565444946289062,-19.565444946289062,-19.565444946289062,-19.565444946289062,-19.565444946289062,-19.565444946289062,-19.565444946289062,-19.565444946289062,-19.565444946289062,-19.565444946289062,-19.565444946289062,-19.565444946289062,-19.565444946289062,-19.565444946289062,-19.565444946289062,-19.565444946289062,-19.565444946289062,-19.565444946289062,-19.565444946289062,-19.565444946289062,-19.565444946289062,-19.565444946289062,-19.565444946289062,-19.565444946289062,-19.565444946289062,-19.565444946289062,-19.565444946289062,-19.565444946289062,-19.565444946289062,-19.565444946289062,-19.565444946289062,-19.565444946289062,-19.565444946289062,-19.300077438354492,-19.565444946289062,-19.565444946289062,-19.565444946289062,-19.565444946289062,-19.565444946289062,-19.565444946289062,-19.565444946289062,-19.565444946289062,-19.565444946289062,-19.565444946289062,-19.565444946289062,-19.444259643554688,-19.565444946289062,-22.23037338256836,-19.565444946289062,-19.565444946289062,-19.565444946289062,-19.565444946289062,-19.565444946289062,-19.565444946289062,-19.565444946289062,-19.565444946289062,-19.565444946289062,-19.565444946289062,-19.565444946289062,-19.565444946289062,-19.565444946289062,-19.565444946289062,-19.565444946289062,-19.565444946289062,-19.565444946289062,-19.565444946289062,-19.565444946289062,-19.565444946289062,-19.565444946289062,-19.565444946289062,-19.565444946289062,-19.565444946289062,-19.565444946289062,-19.565444946289062,-19.565444946289062,-19.565444946289062,-19.53472137451172,-19.565444946289062,-19.565444946289062,-19.565444946289062,-19.565444946289062,-19.565444946289062,-19.565444946289062,-19.565444946289062,-19.565444946289062,-19.565444946289062,-19.565444946289062,-20.413928985595703,-19.565444946289062,-18.440401077270508,-19.565444946289062,-19.565444946289062,-19.565444946289062,-19.565444946289062,-19.565444946289062,-19.565444946289062,-19.565444946289062,-19.565444946289062,-19.565444946289062,-19.565444946289062,-19.565444946289062,-19.565444946289062,-19.565444946289062,-19.565444946289062,-19.565444946289062,-19.565444946289062,-19.957731246948242,-19.565444946289062,-19.565444946289062,-19.565444946289062,-19.565444946289062,-19.565444946289062,-19.565444946289062,-19.565444946289062,-19.565444946289062,-19.565444946289062,-19.565444946289062,-19.565444946289062,-19.565444946289062,-19.565444946289062,-19.565444946289062,-19.565444946289062,-19.565444946289062,-19.565444946289062,-19.565444946289062,-19.565444946289062,-19.565444946289062,-19.565444946289062,-19.565444946289062,-19.565444946289062,-19.565444946289062,-19.565444946289062,-19.565444946289062,-19.565444946289062,-19.565444946289062,-19.565444946289062,-19.565444946289062,-19.565444946289062,-19.565444946289062,-19.565444946289062,-19.565444946289062,-19.565444946289062,-19.565444946289062,-19.565444946289062,-19.565444946289062,-19.643627166748047,-19.88896942138672,-19.565444946289062,-19.10369110107422,-19.565444946289062,-19.565444946289062,-19.565444946289062,-inf,-inf,-inf,-inf,-inf,-inf,-inf,-inf,-inf,-inf,-inf,-inf,-inf,-inf,-inf,-inf,-inf,-inf,-inf,-inf,-18.585243225097656,-5.960462772236497e-07
12,-20.156143188476562,-20.156143188476562,-20.156143188476562,-20.156143188476562,-20.156143188476562,-20.156143188476562,-20.156143188476562,-20.156143188476562,-20.156143188476562,-20.156143188476562,-20.156143188476562,-20.156143188476562,-20.156143188476562,-20.156143188476562,-20.156143188476562,-20.156143188476562,-20.156143188476562,-20.156143188476562,-20.156143188476562,-20.156143188476562,-20.156143188476562,-20.156143188476562,-20.156143188476562,-20.156143188476562,-20.156143188476562,-20.156143188476562,-20.156143188476562,-20.156143188476562,-20.156143188476562,-20.156143188476562,-20.156143188476562,-20.156143188476562,-20.156143188476562,-20.156143188476562,-20.156143188476562,-20.156143188476562,-20.156143188476562,-20.156143188476562,-20.156143188476562,-20.156143188476562,-20.156143188476562,-20.156143188476562,-20.156143188476562,-22.557022094726562,-20.156143188476562,-20.156143188476562,-20.156143188476562,-20.156143188476562,-20.156143188476562,-20.156143188476562,-20.156143188476562,-20.156143188476562,-20.156143188476562,-20.156143188476562,-20.156143188476562,-14.983153343200684,-20.156143188476562,-19.990116119384766,-20.156143188476562,-20.156143188476562,-20.156143188476562,-20.156143188476562,-20.156143188476562,-20.156143188476562,-20.156143188476562,-20.156143188476562,-20.156143188476562,-20.156143188476562,-20.156143188476562,-20.156143188476562,-20.156143188476562,-20.156143188476562,-20.156143188476562,-20.156143188476562,-20.156143188476562,-20.156143188476562,-20.156143188476562,-20.156143188476562,-20.156143188476562,-20.156143188476562,-20.156143188476562,-20.156143188476562,-20.156143188476562,-20.156143188476562,-20.156143188476562,-20.156143188476562,-21.806583404541016,-20.156143188476562,-20.156143188476562,-20.156143188476562,-20.156143188476562,-20.156143188476562,-20.156143188476562,-20.156143188476562,-20.156143188476562,-20.156143188476562,-20.156143188476562,-27.049043655395508,-20.156143188476562,-20.4061279296875,-20.156143188476562,-20.156143188476562,-20.156143188476562,-20.156143188476562,-20.156143188476562,-20.156143188476562,-20.156143188476562,-20.156143188476562,-20.156143188476562,-20.156143188476562,-20.156143188476562,-20.156143188476562,-20.156143188476562,-20.156143188476562,-20.156143188476562,-20.156143188476562,-21.082984924316406,-20.156143188476562,-20.156143188476562,-20.156143188476562,-20.156143188476562,-20.156143188476562,-20.156143188476562,-20.156143188476562,-20.156143188476562,-20.156143188476562,-20.156143188476562,-20.156143188476562,-20.156143188476562,-20.156143188476562,-20.156143188476562,-20.156143188476562,-20.156143188476562,-20.156143188476562,-20.156143188476562,-20.156143188476562,-20.156143188476562,-20.156143188476562,-20.156143188476562,-20.156143188476562,-20.156143188476562,-20.156143188476562,-20.156143188476562,-20.156143188476562,-20.156143188476562,-20.156143188476562,-20.156143188476562,-20.156143188476562,-20.156143188476562,-20.156143188476562,-20.156143188476562,-20.156143188476562,-20.156143188476562,-20.156143188476562,-20.156143188476562,-19.4020938873291,-25.283477783203125,-20.156143188476562,-22.753894805908203,-20.156143188476562,-20.156143188476562,-20.156143188476562,-inf,-inf,-inf,-inf,-inf,-inf,-inf,-inf,-inf,-inf,-inf,-inf,-inf,-inf,-inf,-inf,-inf,-inf,-inf,-inf,-20.156143188476562,-5.960462772236497e-07,-3.806417226791382,-3.6627488136291504,-2.8956198692321777,2.64001202583313,-2.223867416381836,-2.0266618728637695,-4.224858283996582,-2.22017240524292,-18.693376541137695,-18.693376541137695,-18.693376541137695,-18.693376541137695,-18.693376541137695,-18.693376541137695,-18.693376541137695,-18.693376541137695,-18.693376541137695,-18.693376541137695,-18.693376541137695,-18.693376541137695,-18.693376541137695,-18.693376541137695,-18.693376541137695,-18.693376541137695,-18.693376541137695,-18.693376541137695,-18.693376541137695,-18.693376541137695,-18.693376541137695,-18.693376541137695,-18.693376541137695,-18.693376541137695,-18.693376541137695,-18.693376541137695,-18.693376541137695,-18.693376541137695,-18.693376541137695,-18.693376541137695,-18.693376541137695,-18.693376541137695,-18.693376541137695,-18.693376541137695,-18.693376541137695,-18.693376541137695,-18.693376541137695,-18.693376541137695,-18.693376541137695,-18.693376541137695,-18.693376541137695,-18.693376541137695,-18.693376541137695,-18.528818130493164,-18.693376541137695,-18.693376541137695,-18.693376541137695,-18.693376541137695,-18.693376541137695,-18.693376541137695,-18.693376541137695,-18.693376541137695,-18.693376541137695,-18.693376541137695,-18.693376541137695,-18.69515609741211,-18.693376541137695,-18.635189056396484,-18.693376541137695,-18.693376541137695,-18.693376541137695,-18.693376541137695,-18.693376541137695,-18.693376541137695,-18.693376541137695,-18.693376541137695,-18.693376541137695,-18.693376541137695,-18.693376541137695,-18.693376541137695,-18.693376541137695,-18.693376541137695,-18.693376541137695,-18.693376541137695,-18.693376541137695,-18.693376541137695,-18.693376541137695,-18.693376541137695,-18.693376541137695,-18.693376541137695,-18.693376541137695,-18.693376541137695,-18.693376541137695,-18.693376541137695,-18.693376541137695,-18.693376541137695,-18.082847595214844,-18.693376541137695,-18.693376541137695,-18.693376541137695,-18.693376541137695,-18.693376541137695,-18.693376541137695,-18.693376541137695,-18.693376541137695,-18.693376541137695,-18.693376541137695,-18.38724136352539,-18.693376541137695,-18.253629684448242,-18.693376541137695,-18.693376541137695,-18.693376541137695,-18.693376541137695,-18.693376541137695,-18.693376541137695,-18.693376541137695,-18.693376541137695,-18.693376541137695,-18.693376541137695,-18.693376541137695,-18.693376541137695,-18.693376541137695,-18.693376541137695,-18.693376541137695,-18.693376541137695,-18.95913314819336,-18.693376541137695,-18.693376541137695,-18.693376541137695,-18.693376541137695,-18.693376541137695,-18.693376541137695,-18.693376541137695,-18.693376541137695,-18.693376541137695,-18.693376541137695,-18.693376541137695,-18.693376541137695,-18.693376541137695,-18.693376541137695,-18.693376541137695,-18.693376541137695,-18.693376541137695,-18.693376541137695,-18.693376541137695,-18.693376541137695,-18.693376541137695,-18.693376541137695,-18.693376541137695,-18.693376541137695,-18.693376541137695,-18.693376541137695,-18.693376541137695,-18.693376541137695,-18.693376541137695,-18.693376541137695,-18.693376541137695,-18.693376541137695,-18.693376541137695,-18.693376541137695,-18.693376541137695,-18.693376541137695,-18.693376541137695,-18.693376541137695,-18.79535484313965,-18.745262145996094,-18.693376541137695,-18.83089828491211,-18.693376541137695,-18.693376541137695,-18.693376541137695,-inf,-inf,-inf,-inf,-inf,-inf,-inf,-inf,-inf,-inf,-inf,-inf,-inf,-inf,-inf,-inf,-inf,-inf,-inf,-inf,-19.8692684173584,-1.4305104514278355e-06,-17.985994338989258,-17.985994338989258,-17.985994338989258,-17.985994338989258,-17.985994338989258,-17.985994338989258,-17.985994338989258,-17.985994338989258,-17.985994338989258,-17.985994338989258,-17.985994338989258,-17.985994338989258,-17.985994338989258,-17.985994338989258,-17.985994338989258,-17.985994338989258,-17.985994338989258,-17.985994338989258,-17.985994338989258,-17.985994338989258,-17.985994338989258,-17.985994338989258,-17.985994338989258,-17.985994338989258,-17.985994338989258,-17.985994338989258,-17.985994338989258,-17.985994338989258,-17.985994338989258,-17.985994338989258,-17.985994338989258,-17.985994338989258,-17.985994338989258,-17.985994338989258,-17.985994338989258,-17.985994338989258,-17.985994338989258,-17.985994338989258,-17.985994338989258,-17.985994338989258,-17.985994338989258,-17.985994338989258,-17.985994338989258,-17.824506759643555,-17.985994338989258,-17.985994338989258,-17.985994338989258,-17.985994338989258,-17.985994338989258,-17.985994338989258,-17.985994338989258,-17.985994338989258,-17.985994338989258,-17.985994338989258,-17.985994338989258,-17.939529418945312,-17.985994338989258,-20.98287582397461,-17.985994338989258,-17.985994338989258,-17.985994338989258,-17.985994338989258,-17.985994338989258,-17.985994338989258,-17.985994338989258,-17.985994338989258,-17.985994338989258,-17.985994338989258,-17.985994338989258,-17.985994338989258,-17.985994338989258,-17.985994338989258,-17.985994338989258,-17.985994338989258,-17.985994338989258,-17.985994338989258,-17.985994338989258,-17.985994338989258,-17.985994338989258,-17.985994338989258,-17.985994338989258,-17.985994338989258,-17.985994338989258,-17.985994338989258,-17.985994338989258,-17.985994338989258,-17.839981079101562,-17.985994338989258,-17.985994338989258,-17.985994338989258,-17.985994338989258,-17.985994338989258,-17.985994338989258,-17.985994338989258,-17.985994338989258,-17.985994338989258,-17.985994338989258,-18.671871185302734,-17.985994338989258,-17.91332244873047,-17.985994338989258,-17.985994338989258,-17.985994338989258,-17.985994338989258,-17.985994338989258,-17.985994338989258,-17.985994338989258,-17.985994338989258,-17.985994338989258,-17.985994338989258,-17.985994338989258,-17.985994338989258,-17.985994338989258,-17.985994338989258,-17.985994338989258,-17.985994338989258,-18.311735153198242,-17.985994338989258,-17.985994338989258,-17.985994338989258,-17.985994338989258,-17.985994338989258,-17.985994338989258,-17.985994338989258,-17.985994338989258,-17.985994338989258,-17.985994338989258,-17.985994338989258,-17.985994338989258,-17.985994338989258,-17.985994338989258,-17.985994338989258,-17.985994338989258,-17.985994338989258,-17.985994338989258,-17.985994338989258,-17.985994338989258,-17.985994338989258,-17.985994338989258,-17.985994338989258,-17.985994338989258,-17.985994338989258,-17.985994338989258,-17.985994338989258,-17.985994338989258,-17.985994338989258,-17.985994338989258,-17.985994338989258,-17.985994338989258,-17.985994338989258,-17.985994338989258,-17.985994338989258,-17.985994338989258,-17.985994338989258,-17.985994338989258,-18.169689178466797,-18.282278060913086,-17.985994338989258,-17.6639461517334,-17.985994338989258,-17.985994338989258,-17.985994338989258,-inf,-inf,-inf,-inf,-inf,-inf,-inf,-inf,-inf,-inf,-inf,-inf,-inf,-inf,-inf,-inf,-inf,-inf,-inf,-inf,-19.861146926879883,-2.861018856492592e-06
13,-19.84973907470703,-19.84973907470703,-19.84973907470703,-19.84973907470703,-19.84973907470703,-19.84973907470703,-19.84973907470703,-19.84973907470703,-19.84973907470703,-19.84973907470703,-19.84973907470703,-19.84973907470703,-19.84973907470703,-19.84973907470703,-19.84973907470703,-19.84973907470703,-19.84973907470703,-19.84973907470703,-19.84973907470703,-19.84973907470703,-19.84973907470703,-19.84973907470703,-19.84973907470703,-19.84973907470703,-19.84973907470703,-19.84973907470703,-19.84973907470703,-19.84973907470703,-19.84973907470703,-19.84973907470703,-19.84973907470703,-19.84973907470703,-19.84973907470703,-19.84973907470703,-19.84973907470703,-19.84973907470703,-19.84973907470703,-19.84973907470703,-19.84973907470703,-19.84973907470703,-19.84973907470703,-19.84973907470703,-19.84973907470703,-22.09005355834961,-19.84973907470703,-19.84973907470703,-19.84973907470703,-19.84973907470703,-19.84973907470703,-19.84973907470703,-19.84973907470703,-19.84973907470703,-19.84973907470703,-19.84973907470703,-19.84973907470703,-14.799220085144043,-19.84973907470703,-19.67717933654785,-19.84973907470703,-19.84973907470703,-19.84973907470703,-19.84973907470703,-19.84973907470703,-19.84973907470703,-19.84973907470703,-19.84973907470703,-19.84973907470703,-19.84973907470703,-19.84973907470703,-19.84973907470703,-19.84973907470703,-19.84973907470703,-19.84973907470703,-19.84973907470703,-19.84973907470703,-19.84973907470703,-19.84973907470703,-19.84973907470703,-19.84973907470703,-19.84973907470703,-19.84973907470703,-19.84973907470703,-19.84973907470703,-19.84973907470703,-19.84973907470703,-19.84973907470703,-21.775056838989258,-19.84973907470703,-19.84973907470703,-19.84973907470703,-19.84973907470703,-19.84973907470703,-19.84973907470703,-19.84973907470703,-19.84973907470703,-19.84973907470703,-19.84973907470703,-25.2607364654541,-19.84973907470703,-20.142986297607422,-19.84973907470703,-19.84973907470703,-19.84973907470703,-19.84973907470703,-19.84973907470703,-19.84973907470703,-19.84973907470703,-19.84973907470703,-19.84973907470703,-19.84973907470703,-19.84973907470703,-19.84973907470703,-19.84973907470703,-19.84973907470703,-19.84973907470703,-19.84973907470703,-21.038196563720703,-19.84973907470703,-19.84973907470703,-19.84973907470703,-19.84973907470703,-19.84973907470703,-19.84973907470703,-19.84973907470703,-19.84973907470703,-19.84973907470703,-19.84973907470703,-19.84973907470703,-19.84973907470703,-19.84973907470703,-19.84973907470703,-19.84973907470703,-19.84973907470703,-19.84973907470703,-19.84973907470703,-19.84973907470703,-19.84973907470703,-19.84973907470703,-19.84973907470703,-19.84973907470703,-19.84973907470703,-19.84973907470703,-19.84973907470703,-19.84973907470703,-19.84973907470703,-19.84973907470703,-19.84973907470703,-19.84973907470703,-19.84973907470703,-19.84973907470703,-19.84973907470703,-19.84973907470703,-19.84973907470703,-19.84973907470703,-19.84973907470703,-19.11857795715332,-24.333515167236328,-19.84973907470703,-22.94927406311035,-19.84973907470703,-19.84973907470703,-19.84973907470703,-inf,-inf,-inf,-inf,-inf,-inf,-inf,-inf,-inf,-inf,-inf,-inf,-inf,-inf,-inf,-inf,-inf,-inf,-inf,-inf,-19.84973907470703,-7.152555099310121e-07,-3.5425808429718018,-3.3376216888427734,-2.6726090908050537,2.837373971939087,-2.2006309032440186,-1.8922470808029175,-4.144076347351074,-2.0930604934692383,-18.438112258911133,-18.438112258911133,-18.438112258911133,-18.438112258911133,-18.438112258911133,-18.438112258911133,-18.438112258911133,-18.438112258911133,-18.438112258911133,-18.438112258911133,-18.438112258911133,-18.438112258911133,-18.438112258911133,-18.438112258911133,-18.438112258911133,-18.438112258911133,-18.438112258911133,-18.438112258911133,-18.438112258911133,-18.438112258911133,-18.438112258911133,-18.438112258911133,-18.438112258911133,-18.438112258911133,-18.438112258911133,-18.438112258911133,-18.438112258911133,-18.438112258911133,-18.438112258911133,-18.438112258911133,-18.438112258911133,-18.438112258911133,-18.438112258911133,-18.438112258911133,-18.438112258911133,-18.438112258911133,-18.438112258911133,-18.438112258911133,-18.438112258911133,-18.438112258911133,-18.438112258911133,-18.438112258911133,-18.438112258911133,-18.31488800048828,-18.438112258911133,-18.438112258911133,-18.438112258911133,-18.438112258911133,-18.438112258911133,-18.438112258911133,-18.438112258911133,-18.438112258911133,-18.438112258911133,-18.438112258911133,-18.438112258911133,-18.402040481567383,-18.438112258911133,-18.352338790893555,-18.438112258911133,-18.438112258911133,-18.438112258911133,-18.438112258911133,-18.438112258911133,-18.438112258911133,-18.438112258911133,-18.438112258911133,-18.438112258911133,-18.438112258911133,-18.438112258911133,-18.438112258911133,-18.438112258911133,-18.438112258911133,-18.438112258911133,-18.438112258911133,-18.438112258911133,-18.438112258911133,-18.438112258911133,-18.438112258911133,-18.438112258911133,-18.438112258911133,-18.438112258911133,-18.438112258911133,-18.438112258911133,-18.438112258911133,-18.438112258911133,-18.438112258911133,-17.86669921875,-18.438112258911133,-18.438112258911133,-18.438112258911133,-18.438112258911133,-18.438112258911133,-18.438112258911133,-18.438112258911133,-18.438112258911133,-18.438112258911133,-18.438112258911133,-18.22029685974121,-18.438112258911133,-18.01458740234375,-18.438112258911133,-18.438112258911133,-18.438112258911133,-18.438112258911133,-18.438112258911133,-18.438112258911133,-18.438112258911133,-18.438112258911133,-18.438112258911133,-18.438112258911133,-18.438112258911133,-18.438112258911133,-18.438112258911133,-18.438112258911133,-18.438112258911133,-18.438112258911133,-18.670743942260742,-18.438112258911133,-18.438112258911133,-18.438112258911133,-18.438112258911133,-18.438112258911133,-18.438112258911133,-18.438112258911133,-18.438112258911133,-18.438112258911133,-18.438112258911133,-18.438112258911133,-18.438112258911133,-18.438112258911133,-18.438112258911133,-18.438112258911133,-18.438112258911133,-18.438112258911133,-18.438112258911133,-18.438112258911133,-18.438112258911133,-18.438112258911133,-18.438112258911133,-18.438112258911133,-18.438112258911133,-18.438112258911133,-18.438112258911133,-18.438112258911133,-18.438112258911133,-18.438112258911133,-18.438112258911133,-18.438112258911133,-18.438112258911133,-18.438112258911133,-18.438112258911133,-18.438112258911133,-18.438112258911133,-18.438112258911133,-18.438112258911133,-18.535919189453125,-18.467742919921875,-18.438112258911133,-18.584749221801758,-18.438112258911133,-18.438112258911133,-18.438112258911133,-inf,-inf,-inf,-inf,-inf,-inf,-inf,-inf,-inf,-inf,-inf,-inf,-inf,-inf,-inf,-inf,-inf,-inf,-inf,-inf,-20.46453285217285,-1.7881377516459906e-06,-17.82888412475586,-17.82888412475586,-17.82888412475586,-17.82888412475586,-17.82888412475586,-17.82888412475586,-17.82888412475586,-17.82888412475586,-17.82888412475586,-17.82888412475586,-17.82888412475586,-17.82888412475586,-17.82888412475586,-17.82888412475586,-17.82888412475586,-17.82888412475586,-17.82888412475586,-17.82888412475586,-17.82888412475586,-17.82888412475586,-17.82888412475586,-17.82888412475586,-17.82888412475586,-17.82888412475586,-17.82888412475586,-17.82888412475586,-17.82888412475586,-17.82888412475586,-17.82888412475586,-17.82888412475586,-17.82888412475586,-17.82888412475586,-17.82888412475586,-17.82888412475586,-17.82888412475586,-17.82888412475586,-17.82888412475586,-17.82888412475586,-17.82888412475586,-17.82888412475586,-17.82888412475586,-17.82888412475586,-17.82888412475586,-17.67194175720215,-17.82888412475586,-17.82888412475586,-17.82888412475586,-17.82888412475586,-17.82888412475586,-17.82888412475586,-17.82888412475586,-17.82888412475586,-17.82888412475586,-17.82888412475586,-17.82888412475586,-17.80034637451172,-17.82888412475586,-20.967971801757812,-17.82888412475586,-17.82888412475586,-17.82888412475586,-17.82888412475586,-17.82888412475586,-17.82888412475586,-17.82888412475586,-17.82888412475586,-17.82888412475586,-17.82888412475586,-17.82888412475586,-17.82888412475586,-17.82888412475586,-17.82888412475586,-17.82888412475586,-17.82888412475586,-17.82888412475586,-17.82888412475586,-17.82888412475586,-17.82888412475586,-17.82888412475586,-17.82888412475586,-17.82888412475586,-17.82888412475586,-17.82888412475586,-17.82888412475586,-17.82888412475586,-17.82888412475586,-17.671213150024414,-17.82888412475586,-17.82888412475586,-17.82888412475586,-17.82888412475586,-17.82888412475586,-17.82888412475586,-17.82888412475586,-17.82888412475586,-17.82888412475586,-17.82888412475586,-18.473339080810547,-17.82888412475586,-17.81545066833496,-17.82888412475586,-17.82888412475586,-17.82888412475586,-17.82888412475586,-17.82888412475586,-17.82888412475586,-17.82888412475586,-17.82888412475586,-17.82888412475586,-17.82888412475586,-17.82888412475586,-17.82888412475586,-17.82888412475586,-17.82888412475586,-17.82888412475586,-17.82888412475586,-18.154903411865234,-17.82888412475586,-17.82888412475586,-17.82888412475586,-17.82888412475586,-17.82888412475586,-17.82888412475586,-17.82888412475586,-17.82888412475586,-17.82888412475586,-17.82888412475586,-17.82888412475586,-17.82888412475586,-17.82888412475586,-17.82888412475586,-17.82888412475586,-17.82888412475586,-17.82888412475586,-17.82888412475586,-17.82888412475586,-17.82888412475586,-17.82888412475586,-17.82888412475586,-17.82888412475586,-17.82888412475586,-17.82888412475586,-17.82888412475586,-17.82888412475586,-17.82888412475586,-17.82888412475586,-17.82888412475586,-17.82888412475586,-17.82888412475586,-17.82888412475586,-17.82888412475586,-17.82888412475586,-17.82888412475586,-17.82888412475586,-17.82888412475586,-18.034881591796875,-18.151519775390625,-17.82888412475586,-17.552547454833984,-17.82888412475586,-17.82888412475586,-17.82888412475586,-inf,-inf,-inf,-inf,-inf,-inf,-inf,-inf,-inf,-inf,-inf,-inf,-inf,-inf,-inf,-inf,-inf,-inf,-inf,-inf,-19.60772132873535,-3.3378546504536644e-06
14,-19.807069778442383,-19.807069778442383,-19.807069778442383,-19.807069778442383,-19.807069778442383,-19.807069778442383,-19.807069778442383,-19.807069778442383,-19.807069778442383,-19.807069778442383,-19.807069778442383,-19.807069778442383,-19.807069778442383,-19.807069778442383,-19.807069778442383,-19.807069778442383,-19.807069778442383,-19.807069778442383,-19.807069778442383,-19.807069778442383,-19.807069778442383,-19.807069778442383,-19.807069778442383,-19.807069778442383,-19.807069778442383,-19.807069778442383,-19.807069778442383,-19.807069778442383,-19.807069778442383,-19.807069778442383,-19.807069778442383,-19.807069778442383,-19.807069778442383,-19.807069778442383,-19.807069778442383,-19.807069778442383,-19.807069778442383,-19.807069778442383,-19.807069778442383,-19.807069778442383,-19.807069778442383,-19.807069778442383,-19.807069778442383,-22.02711296081543,-19.807069778442383,-19.807069778442383,-19.807069778442383,-19.807069778442383,-19.807069778442383,-19.807069778442383,-19.807069778442383,-19.807069778442383,-19.807069778442383,-19.807069778442383,-19.807069778442383,-14.813813209533691,-19.807069778442383,-19.63131332397461,-19.807069778442383,-19.807069778442383,-19.807069778442383,-19.807069778442383,-19.807069778442383,-19.807069778442383,-19.807069778442383,-19.807069778442383,-19.807069778442383,-19.807069778442383,-19.807069778442383,-19.807069778442383,-19.807069778442383,-19.807069778442383,-19.807069778442383,-19.807069778442383,-19.807069778442383,-19.807069778442383,-19.807069778442383,-19.807069778442383,-19.807069778442383,-19.807069778442383,-19.807069778442383,-19.807069778442383,-19.807069778442383,-19.807069778442383,-19.807069778442383,-19.807069778442383,-21.84920883178711,-19.807069778442383,-19.807069778442383,-19.807069778442383,-19.807069778442383,-19.807069778442383,-19.807069778442383,-19.807069778442383,-19.807069778442383,-19.807069778442383,-19.807069778442383,-24.715534210205078,-19.807069778442383,-20.111801147460938,-19.807069778442383,-19.807069778442383,-19.807069778442383,-19.807069778442383,-19.807069778442383,-19.807069778442383,-19.807069778442383,-19.807069778442383,-19.807069778442383,-19.807069778442383,-19.807069778442383,-19.807069778442383,-19.807069778442383,-19.807069778442383,-19.807069778442383,-19.807069778442383,-21.185575485229492,-19.807069778442383,-19.807069778442383,-19.807069778442383,-19.807069778442383,-19.807069778442383,-19.807069778442383,-19.807069778442383,-19.807069778442383,-19.807069778442383,-19.807069778442383,-19.807069778442383,-19.807069778442383,-19.807069778442383,-19.807069778442383,-19.807069778442383,-19.807069778442383,-19.807069778442383,-19.807069778442383,-19.807069778442383,-19.807069778442383,-19.807069778442383,-19.807069778442383,-19.807069778442383,-19.807069778442383,-19.807069778442383,-19.807069778442383,-19.807069778442383,-19.807069778442383,-19.807069778442383,-19.807069778442383,-19.807069778442383,-19.807069778442383,-19.807069778442383,-19.807069778442383,-19.807069778442383,-19.807069778442383,-19.807069778442383,-19.807069778442383,-19.131694793701172,-24.19689178466797,-19.807069778442383,-23.144634246826172,-19.807069778442383,-19.807069778442383,-19.807069778442383,-inf,-inf,-inf,-inf,-inf,-inf,-inf,-inf,-inf,-inf,-inf,-inf,-inf,-inf,-inf,-inf,-inf,-inf,-inf,-inf,-19.807069778442383,-7.152555099310121e-07,-3.3312199115753174,-3.249155044555664,-2.530174970626831,2.936495065689087,-2.131829023361206,-1.838335394859314,-4.053160667419434,-1.9788923263549805,-18.358985900878906,-18.358985900878906,-18.358985900878906,-18.358985900878906,-18.358985900878906,-18.358985900878906,-18.358985900878906,-18.358985900878906,-18.358985900878906,-18.358985900878906,-18.358985900878906,-18.358985900878906,-18.358985900878906,-18.358985900878906,-18.358985900878906,-18.358985900878906,-18.358985900878906,-18.358985900878906,-18.358985900878906,-18.358985900878906,-18.358985900878906,-18.358985900878906,-18.358985900878906,-18.358985900878906,-18.358985900878906,-18.358985900878906,-18.358985900878906,-18.358985900878906,-18.358985900878906,-18.358985900878906,-18.358985900878906,-18.358985900878906,-18.358985900878906,-18.358985900878906,-18.358985900878906,-18.358985900878906,-18.358985900878906,-18.358985900878906,-18.358985900878906,-18.358985900878906,-18.358985900878906,-18.358985900878906,-18.358985900878906,-18.271465301513672,-18.358985900878906,-18.358985900878906,-18.358985900878906,-18.358985900878906,-18.358985900878906,-18.358985900878906,-18.358985900878906,-18.358985900878906,-18.358985900878906,-18.358985900878906,-18.358985900878906,-18.307903289794922,-18.358985900878906,-18.268447875976562,-18.358985900878906,-18.358985900878906,-18.358985900878906,-18.358985900878906,-18.358985900878906,-18.358985900878906,-18.358985900878906,-18.358985900878906,-18.358985900878906,-18.358985900878906,-18.358985900878906,-18.358985900878906,-18.358985900878906,-18.358985900878906,-18.358985900878906,-18.358985900878906,-18.358985900878906,-18.358985900878906,-18.358985900878906,-18.358985900878906,-18.358985900878906,-18.358985900878906,-18.358985900878906,-18.358985900878906,-18.358985900878906,-18.358985900878906,-18.358985900878906,-18.358985900878906,-17.800752639770508,-18.358985900878906,-18.358985900878906,-18.358985900878906,-18.358985900878906,-18.358985900878906,-18.358985900878906,-18.358985900878906,-18.358985900878906,-18.358985900878906,-18.358985900878906,-18.168622970581055,-18.358985900878906,-17.92705535888672,-18.358985900878906,-18.358985900878906,-18.358985900878906,-18.358985900878906,-18.358985900878906,-18.358985900878906,-18.358985900878906,-18.358985900878906,-18.358985900878906,-18.358985900878906,-18.358985900878906,-18.358985900878906,-18.358985900878906,-18.358985900878906,-18.358985900878906,-18.358985900878906,-18.58279037475586,-18.358985900878906,-18.358985900878906,-18.358985900878906,-18.358985900878906,-18.358985900878906,-18.358985900878906,-18.358985900878906,-18.358985900878906,-18.358985900878906,-18.358985900878906,-18.358985900878906,-18.358985900878906,-18.358985900878906,-18.358985900878906,-18.358985900878906,-18.358985900878906,-18.358985900878906,-18.358985900878906,-18.358985900878906,-18.358985900878906,-18.358985900878906,-18.358985900878906,-18.358985900878906,-18.358985900878906,-18.358985900878906,-18.358985900878906,-18.358985900878906,-18.358985900878906,-18.358985900878906,-18.358985900878906,-18.358985900878906,-18.358985900878906,-18.358985900878906,-18.358985900878906,-18.358985900878906,-18.358985900878906,-18.358985900878906,-18.358985900878906,-18.460023880004883,-18.387554168701172,-18.358985900878906,-18.518299102783203,-18.358985900878906,-18.358985900878906,-18.358985900878906,-inf,-inf,-inf,-inf,-inf,-inf,-inf,-inf,-inf,-inf,-inf,-inf,-inf,-inf,-inf,-inf,-inf,-inf,-inf,-inf,-20.934362411499023,-1.9073468138230965e-06,-17.813859939575195,-17.813859939575195,-17.813859939575195,-17.813859939575195,-17.813859939575195,-17.813859939575195,-17.813859939575195,-17.813859939575195,-17.813859939575195,-17.813859939575195,-17.813859939575195,-17.813859939575195,-17.813859939575195,-17.813859939575195,-17.813859939575195,-17.813859939575195,-17.813859939575195,-17.813859939575195,-17.813859939575195,-17.813859939575195,-17.813859939575195,-17.813859939575195,-17.813859939575195,-17.813859939575195,-17.813859939575195,-17.813859939575195,-17.813859939575195,-17.813859939575195,-17.813859939575195,-17.813859939575195,-17.813859939575195,-17.813859939575195,-17.813859939575195,-17.813859939575195,-17.813859939575195,-17.813859939575195,-17.813859939575195,-17.813859939575195,-17.813859939575195,-17.813859939575195,-17.813859939575195,-17.813859939575195,-17.813859939575195,-17.661808013916016,-17.813859939575195,-17.813859939575195,-17.813859939575195,-17.813859939575195,-17.813859939575195,-17.813859939575195,-17.813859939575195,-17.813859939575195,-17.813859939575195,-17.813859939575195,-17.813859939575195,-17.796175003051758,-17.813859939575195,-21.117647171020508,-17.813859939575195,-17.813859939575195,-17.813859939575195,-17.813859939575195,-17.813859939575195,-17.813859939575195,-17.813859939575195,-17.813859939575195,-17.813859939575195,-17.813859939575195,-17.813859939575195,-17.813859939575195,-17.813859939575195,-17.813859939575195,-17.813859939575195,-17.813859939575195,-17.813859939575195,-17.813859939575195,-17.813859939575195,-17.813859939575195,-17.813859939575195,-17.813859939575195,-17.813859939575195,-17.813859939575195,-17.813859939575195,-17.813859939575195,-17.813859939575195,-17.813859939575195,-17.64655113220215,-17.813859939575195,-17.813859939575195,-17.813859939575195,-17.813859939575195,-17.813859939575195,-17.813859939575195,-17.813859939575195,-17.813859939575195,-17.813859939575195,-17.813859939575195,-18.431018829345703,-17.813859939575195,-17.90886116027832,-17.813859939575195,-17.813859939575195,-17.813859939575195,-17.813859939575195,-17.813859939575195,-17.813859939575195,-17.813859939575195,-17.813859939575195,-17.813859939575195,-17.813859939575195,-17.813859939575195,-17.813859939575195,-17.813859939575195,-17.813859939575195,-17.813859939575195,-17.813859939575195,-18.1441650390625,-17.813859939575195,-17.813859939575195,-17.813859939575195,-17.813859939575195,-17.813859939575195,-17.813859939575195,-17.813859939575195,-17.813859939575195,-17.813859939575195,-17.813859939575195,-17.813859939575195,-17.813859939575195,-17.813859939575195,-17.813859939575195,-17.813859939575195,-17.813859939575195,-17.813859939575195,-17.813859939575195,-17.813859939575195,-17.813859939575195,-17.813859939575195,-17.813859939575195,-17.813859939575195,-17.813859939575195,-17.813859939575195,-17.813859939575195,-17.813859939575195,-17.813859939575195,-17.813859939575195,-17.813859939575195,-17.813859939575195,-17.813859939575195,-17.813859939575195,-17.813859939575195,-17.813859939575195,-17.813859939575195,-17.813859939575195,-17.813859939575195,-18.031288146972656,-18.144136428833008,-17.813859939575195,-17.546154022216797,-17.813859939575195,-17.813859939575195,-17.813859939575195,-inf,-inf,-inf,-inf,-inf,-inf,-inf,-inf,-inf,-inf,-inf,-inf,-inf,-inf,-inf,-inf,-inf,-inf,-inf,-inf,-19.565200805664062,-3.4570634852570947e-06
15,-19.724750518798828,-19.724750518798828,-19.724750518798828,-19.724750518798828,-19.724750518798828,-19.724750518798828,-19.724750518798828,-19.724750518798828,-19.724750518798828,-19.724750518798828,-19.724750518798828,-19.724750518798828,-19.724750518798828,-19.724750518798828,-19.724750518798828,-19.724750518798828,-19.724750518798828,-19.724750518798828,-19.724750518798828,-19.724750518798828,-19.724750518798828,-19.724750518798828,-19.724750518798828,-19.724750518798828,-19.724750518798828,-19.724750518798828,-19.724750518798828,-19.724750518798828,-19.724750518798828,-19.724750518798828,-19.724750518798828,-19.724750518798828,-19.724750518798828,-19.724750518798828,-19.724750518798828,-19.724750518798828,-19.724750518798828,-19.724750518798828,-19.724750518798828,-19.724750518798828,-19.724750518798828,-19.724750518798828,-19.724750518798828,-21.920757293701172,-19.724750518798828,-19.724750518798828,-19.724750518798828,-19.724750518798828,-19.724750518798828,-19.724750518798828,-19.724750518798828,-19.724750518798828,-19.724750518798828,-19.724750518798828,-19.724750518798828,-14.781420707702637,-19.724750518798828,-19.55506134033203,-19.724750518798828,-19.724750518798828,-19.724750518798828,-19.724750518798828,-19.724750518798828,-19.724750518798828,-19.724750518798828,-19.724750518798828,-19.724750518798828,-19.724750518798828,-19.724750518798828,-19.724750518798828,-19.724750518798828,-19.724750518798828,-19.724750518798828,-19.724750518798828,-19.724750518798828,-19.724750518798828,-19.724750518798828,-19.724750518798828,-19.724750518798828,-19.724750518798828,-19.724750518798828,-19.724750518798828,-19.724750518798828,-19.724750518798828,-19.724750518798828,-19.724750518798828,-21.860769271850586,-19.724750518798828,-19.724750518798828,-19.724750518798828,-19.724750518798828,-19.724750518798828,-19.724750518798828,-19.724750518798828,-19.724750518798828,-19.724750518798828,-19.724750518798828,-24.333213806152344,-19.724750518798828,-20.02490234375,-19.724750518798828,-19.724750518798828,-19.724750518798828,-19.724750518798828,-19.724750518798828,-19.724750518798828,-19.724750518798828,-19.724750518798828,-19.724750518798828,-19.724750518798828,-19.724750518798828,-19.724750518798828,-19.724750518798828,-19.724750518798828,-19.724750518798828,-19.724750518798828,-21.222938537597656,-19.724750518798828,-19.724750518798828,-19.724750518798828,-19.724750518798828,-19.724750518798828,-19.724750518798828,-19.724750518798828,-19.724750518798828,-19.724750518798828,-19.724750518798828,-19.724750518798828,-19.724750518798828,-19.724750518798828,-19.724750518798828,-19.724750518798828,-19.724750518798828,-19.724750518798828,-19.724750518798828,-19.724750518798828,-19.724750518798828,-19.724750518798828,-19.724750518798828,-19.724750518798828,-19.724750518798828,-19.724750518798828,-19.724750518798828,-19.724750518798828,-19.724750518798828,-19.724750518798828,-19.724750518798828,-19.724750518798828,-19.724750518798828,-19.724750518798828,-19.724750518798828,-19.724750518798828,-19.724750518798828,-19.724750518798828,-19.724750518798828,-19.13016700744629,-24.053329467773438,-19.724750518798828,-23.148086547851562,-19.724750518798828,-19.724750518798828,-19.724750518798828,-inf,-inf,-inf,-inf,-inf,-inf,-inf,-inf,-inf,-inf,-inf,-inf,-inf,-inf,-inf,-inf,-inf,-inf,-inf,-inf,-19.724750518798828,-8.344646857949556e-07,-3.1347386837005615,-3.1643900871276855,-2.399078845977783,3.003129243850708,-2.0385215282440186,-1.786916971206665,-3.8968400955200195,-1.8857122659683228,-18.223588943481445,-18.223588943481445,-18.223588943481445,-18.223588943481445,-18.223588943481445,-18.223588943481445,-18.223588943481445,-18.223588943481445,-18.223588943481445,-18.223588943481445,-18.223588943481445,-18.223588943481445,-18.223588943481445,-18.223588943481445,-18.223588943481445,-18.223588943481445,-18.223588943481445,-18.223588943481445,-18.223588943481445,-18.223588943481445,-18.223588943481445,-18.223588943481445,-18.223588943481445,-18.223588943481445,-18.223588943481445,-18.223588943481445,-18.223588943481445,-18.223588943481445,-18.223588943481445,-18.223588943481445,-18.223588943481445,-18.223588943481445,-18.223588943481445,-18.223588943481445,-18.223588943481445,-18.223588943481445,-18.223588943481445,-18.223588943481445,-18.223588943481445,-18.223588943481445,-18.223588943481445,-18.223588943481445,-18.223588943481445,-18.149709701538086,-18.223588943481445,-18.223588943481445,-18.223588943481445,-18.223588943481445,-18.223588943481445,-18.223588943481445,-18.223588943481445,-18.223588943481445,-18.223588943481445,-18.223588943481445,-18.223588943481445,-18.169391632080078,-18.223588943481445,-18.13877296447754,-18.223588943481445,-18.223588943481445,-18.223588943481445,-18.223588943481445,-18.223588943481445,-18.223588943481445,-18.223588943481445,-18.223588943481445,-18.223588943481445,-18.223588943481445,-18.223588943481445,-18.223588943481445,-18.223588943481445,-18.223588943481445,-18.223588943481445,-18.223588943481445,-18.223588943481445,-18.223588943481445,-18.223588943481445,-18.223588943481445,-18.223588943481445,-18.223588943481445,-18.223588943481445,-18.223588943481445,-18.223588943481445,-18.223588943481445,-18.223588943481445,-18.223588943481445,-17.682361602783203,-18.223588943481445,-18.223588943481445,-18.223588943481445,-18.223588943481445,-18.223588943481445,-18.223588943481445,-18.223588943481445,-18.223588943481445,-18.223588943481445,-18.223588943481445,-18.049684524536133,-18.223588943481445,-17.778879165649414,-18.223588943481445,-18.223588943481445,-18.223588943481445,-18.223588943481445,-18.223588943481445,-18.223588943481445,-18.223588943481445,-18.223588943481445,-18.223588943481445,-18.223588943481445,-18.223588943481445,-18.223588943481445,-18.223588943481445,-18.223588943481445,-18.223588943481445,-18.223588943481445,-18.437335968017578,-18.223588943481445,-18.223588943481445,-18.223588943481445,-18.223588943481445,-18.223588943481445,-18.223588943481445,-18.223588943481445,-18.223588943481445,-18.223588943481445,-18.223588943481445,-18.223588943481445,-18.223588943481445,-18.223588943481445,-18.223588943481445,-18.223588943481445,-18.223588943481445,-18.223588943481445,-18.223588943481445,-18.223588943481445,-18.223588943481445,-18.223588943481445,-18.223588943481445,-18.223588943481445,-18.223588943481445,-18.223588943481445,-18.223588943481445,-18.223588943481445,-18.223588943481445,-18.223588943481445,-18.223588943481445,-18.223588943481445,-18.223588943481445,-18.223588943481445,-18.223588943481445,-18.223588943481445,-18.223588943481445,-18.223588943481445,-18.223588943481445,-18.324953079223633,-18.254480361938477,-18.223588943481445,-18.399621963500977,-18.223588943481445,-18.223588943481445,-18.223588943481445,-inf,-inf,-inf,-inf,-inf,-inf,-inf,-inf,-inf,-inf,-inf,-inf,-inf,-inf,-inf,-inf,-inf,-inf,-inf,-inf,-21.157466888427734,-2.264974000354414e-06,-17.721660614013672,-17.721660614013672,-17.721660614013672,-17.721660614013672,-17.721660614013672,-17.721660614013672,-17.721660614013672,-17.721660614013672,-17.721660614013672,-17.721660614013672,-17.721660614013672,-17.721660614013672,-17.721660614013672,-17.721660614013672,-17.721660614013672,-17.721660614013672,-17.721660614013672,-17.721660614013672,-17.721660614013672,-17.721660614013672,-17.721660614013672,-17.721660614013672,-17.721660614013672,-17.721660614013672,-17.721660614013672,-17.721660614013672,-17.721660614013672,-17.721660614013672,-17.721660614013672,-17.721660614013672,-17.721660614013672,-17.721660614013672,-17.721660614013672,-17.721660614013672,-17.721660614013672,-17.721660614013672,-17.721660614013672,-17.721660614013672,-17.721660614013672,-17.721660614013672,-17.721660614013672,-17.721660614013672,-17.721660614013672,-17.575456619262695,-17.721660614013672,-17.721660614013672,-17.721660614013672,-17.721660614013672,-17.721660614013672,-17.721660614013672,-17.721660614013672,-17.721660614013672,-17.721660614013672,-17.721660614013672,-17.721660614013672,-17.705289840698242,-17.721660614013672,-21.077884674072266,-17.721660614013672,-17.721660614013672,-17.721660614013672,-17.721660614013672,-17.721660614013672,-17.721660614013672,-17.721660614013672,-17.721660614013672,-17.721660614013672,-17.721660614013672,-17.721660614013672,-17.721660614013672,-17.721660614013672,-17.721660614013672,-17.721660614013672,-17.721660614013672,-17.721660614013672,-17.721660614013672,-17.721660614013672,-17.721660614013672,-17.721660614013672,-17.721660614013672,-17.721660614013672,-17.721660614013672,-17.721660614013672,-17.721660614013672,-17.721660614013672,-17.721660614013672,-17.55618667602539,-17.721660614013672,-17.721660614013672,-17.721660614013672,-17.721660614013672,-17.721660614013672,-17.721660614013672,-17.721660614013672,-17.721660614013672,-17.721660614013672,-17.721660614013672,-18.317909240722656,-17.721660614013672,-17.960365295410156,-17.721660614013672,-17.721660614013672,-17.721660614013672,-17.721660614013672,-17.721660614013672,-17.721660614013672,-17.721660614013672,-17.721660614013672,-17.721660614013672,-17.721660614013672,-17.721660614013672,-17.721660614013672,-17.721660614013672,-17.721660614013672,-17.721660614013672,-17.721660614013672,-18.04994010925293,-17.721660614013672,-17.721660614013672,-17.721660614013672,-17.721660614013672,-17.721660614013672,-17.721660614013672,-17.721660614013672,-17.721660614013672,-17.721660614013672,-17.721660614013672,-17.721660614013672,-17.721660614013672,-17.721660614013672,-17.721660614013672,-17.721660614013672,-17.721660614013672,-17.721660614013672,-17.721660614013672,-17.721660614013672,-17.721660614013672,-17.721660614013672,-17.721660614013672,-17.721660614013672,-17.721660614013672,-17.721660614013672,-17.721660614013672,-17.721660614013672,-17.721660614013672,-17.721660614013672,-17.721660614013672,-17.721660614013672,-17.721660614013672,-17.721660614013672,-17.721660614013672,-17.721660614013672,-17.721660614013672,-17.721660614013672,-17.721660614013672,-17.950651168823242,-18.057628631591797,-17.721660614013672,-17.463367462158203,-17.721660614013672,-17.721660614013672,-17.721660614013672,-inf,-inf,-inf,-inf,-inf,-inf,-inf,-inf,-inf,-inf,-inf,-inf,-inf,-inf,-inf,-inf,-inf,-inf,-inf,-inf,-19.48392677307129,-3.6954811548639555e-06
16,-19.63237762451172,-19.63237762451172,-19.63237762451172,-19.63237762451172,-19.63237762451172,-19.63237762451172,-19.63237762451172,-19.63237762451172,-19.63237762451172,-19.63237762451172,-19.63237762451172,-19.63237762451172,-19.63237762451172,-19.63237762451172,-19.63237762451172,-19.63237762451172,-19.63237762451172,-19.63237762451172,-19.63237762451172,-19.63237762451172,-19.63237762451172,-19.63237762451172,-19.63237762451172,-19.63237762451172,-19.63237762451172,-19.63237762451172,-19.63237762451172,-19.63237762451172,-19.63237762451172,-19.63237762451172,-19.63237762451172,-19.63237762451172,-19.63237762451172,-19.63237762451172,-19.63237762451172,-19.63237762451172,-19.63237762451172,-19.63237762451172,-19.63237762451172,-19.63237762451172,-19.63237762451172,-19.63237762451172,-19.63237762451172,-21.785533905029297,-19.63237762451172,-19.63237762451172,-19.63237762451172,-19.63237762451172,-19.63237762451172,-19.63237762451172,-19.63237762451172,-19.63237762451172,-19.63237762451172,-19.63237762451172,-19.63237762451172,-14.710694313049316,-19.63237762451172,-19.47234344482422,-19.63237762451172,-19.63237762451172,-19.63237762451172,-19.63237762451172,-19.63237762451172,-19.63237762451172,-19.63237762451172,-19.63237762451172,-19.63237762451172,-19.63237762451172,-19.63237762451172,-19.63237762451172,-19.63237762451172,-19.63237762451172,-19.63237762451172,-19.63237762451172,-19.63237762451172,-19.63237762451172,-19.63237762451172,-19.63237762451172,-19.63237762451172,-19.63237762451172,-19.63237762451172,-19.63237762451172,-19.63237762451172,-19.63237762451172,-19.63237762451172,-19.63237762451172,-21.843664169311523,-19.63237762451172,-19.63237762451172,-19.63237762451172,-19.63237762451172,-19.63237762451172,-19.63237762451172,-19.63237762451172,-19.63237762451172,-19.63237762451172,-19.63237762451172,-24.054227828979492,-19.63237762451172,-19.915477752685547,-19.63237762451172,-19.63237762451172,-19.63237762451172,-19.63237762451172,-19.63237762451172,-19.63237762451172,-19.63237762451172,-19.63237762451172,-19.63237762451172,-19.63237762451172,-19.63237762451172,-19.63237762451172,-19.63237762451172,-19.63237762451172,-19.63237762451172,-19.63237762451172,-21.207910537719727,-19.63237762451172,-19.63237762451172,-19.63237762451172,-19.63237762451172,-19.63237762451172,-19.63237762451172,-19.63237762451172,-19.63237762451172,-19.63237762451172,-19.63237762451172,-19.63237762451172,-19.63237762451172,-19.63237762451172,-19.63237762451172,-19.63237762451172,-19.63237762451172,-19.63237762451172,-19.63237762451172,-19.63237762451172,-19.63237762451172,-19.63237762451172,-19.63237762451172,-19.63237762451172,-19.63237762451172,-19.63237762451172,-19.63237762451172,-19.63237762451172,-19.63237762451172,-19.63237762451172,-19.63237762451172,-19.63237762451172,-19.63237762451172,-19.63237762451172,-19.63237762451172,-19.63237762451172,-19.63237762451172,-19.63237762451172,-19.63237762451172,-19.121469497680664,-23.883974075317383,-19.63237762451172,-23.075611114501953,-19.63237762451172,-19.63237762451172,-19.63237762451172,-inf,-inf,-inf,-inf,-inf,-inf,-inf,-inf,-inf,-inf,-inf,-inf,-inf,-inf,-inf,-inf,-inf,-inf,-inf,-inf,-19.63237762451172,-9.536738616588991e-07,-2.971818208694458,-3.046858787536621,-2.2730014324188232,3.0729150772094727,-1.9126614332199097,-1.7397959232330322,-3.704698085784912,-1.8014076948165894,-18.058019638061523,-18.058019638061523,-18.058019638061523,-18.058019638061523,-18.058019638061523,-18.058019638061523,-18.058019638061523,-18.058019638061523,-18.058019638061523,-18.058019638061523,-18.058019638061523,-18.058019638061523,-18.058019638061523,-18.058019638061523,-18.058019638061523,-18.058019638061523,-18.058019638061523,-18.058019638061523,-18.058019638061523,-18.058019638061523,-18.058019638061523,-18.058019638061523,-18.058019638061523,-18.058019638061523,-18.058019638061523,-18.058019638061523,-18.058019638061523,-18.058019638061523,-18.058019638061523,-18.058019638061523,-18.058019638061523,-18.058019638061523,-18.058019638061523,-18.058019638061523,-18.058019638061523,-18.058019638061523,-18.058019638061523,-18.058019638061523,-18.058019638061523,-18.058019638061523,-18.058019638061523,-18.058019638061523,-18.058019638061523,-17.988672256469727,-18.058019638061523,-18.058019638061523,-18.058019638061523,-18.058019638061523,-18.058019638061523,-18.058019638061523,-18.058019638061523,-18.058019638061523,-18.058019638061523,-18.058019638061523,-18.058019638061523,-18.00572395324707,-18.058019638061523,-17.985708236694336,-18.058019638061523,-18.058019638061523,-18.058019638061523,-18.058019638061523,-18.058019638061523,-18.058019638061523,-18.058019638061523,-18.058019638061523,-18.058019638061523,-18.058019638061523,-18.058019638061523,-18.058019638061523,-18.058019638061523,-18.058019638061523,-18.058019638061523,-18.058019638061523,-18.058019638061523,-18.058019638061523,-18.058019638061523,-18.058019638061523,-18.058019638061523,-18.058019638061523,-18.058019638061523,-18.058019638061523,-18.058019638061523,-18.058019638061523,-18.058019638061523,-18.058019638061523,-17.538408279418945,-18.058019638061523,-18.058019638061523,-18.058019638061523,-18.058019638061523,-18.058019638061523,-18.058019638061523,-18.058019638061523,-18.058019638061523,-18.058019638061523,-18.058019638061523,-17.90357208251953,-18.058019638061523,-17.59811019897461,-18.058019638061523,-18.058019638061523,-18.058019638061523,-18.058019638061523,-18.058019638061523,-18.058019638061523,-18.058019638061523,-18.058019638061523,-18.058019638061523,-18.058019638061523,-18.058019638061523,-18.058019638061523,-18.058019638061523,-18.058019638061523,-18.058019638061523,-18.058019638061523,-18.253936767578125,-18.058019638061523,-18.058019638061523,-18.058019638061523,-18.058019638061523,-18.058019638061523,-18.058019638061523,-18.058019638061523,-18.058019638061523,-18.058019638061523,-18.058019638061523,-18.058019638061523,-18.058019638061523,-18.058019638061523,-18.058019638061523,-18.058019638061523,-18.058019638061523,-18.058019638061523,-18.058019638061523,-18.058019638061523,-18.058019638061523,-18.058019638061523,-18.058019638061523,-18.058019638061523,-18.058019638061523,-18.058019638061523,-18.058019638061523,-18.058019638061523,-18.058019638061523,-18.058019638061523,-18.058019638061523,-18.058019638061523,-18.058019638061523,-18.058019638061523,-18.058019638061523,-18.058019638061523,-18.058019638061523,-18.058019638061523,-18.058019638061523,-18.15994644165039,-18.095531463623047,-18.058019638061523,-18.251537322998047,-18.058019638061523,-18.058019638061523,-18.058019638061523,-inf,-inf,-inf,-inf,-inf,-inf,-inf,-inf,-inf,-inf,-inf,-inf,-inf,-inf,-inf,-inf,-inf,-inf,-inf,-inf,-21.325746536254883,-2.7418097943154862e-06,-17.601118087768555,-17.601118087768555,-17.601118087768555,-17.601118087768555,-17.601118087768555,-17.601118087768555,-17.601118087768555,-17.601118087768555,-17.601118087768555,-17.601118087768555,-17.601118087768555,-17.601118087768555,-17.601118087768555,-17.601118087768555,-17.601118087768555,-17.601118087768555,-17.601118087768555,-17.601118087768555,-17.601118087768555,-17.601118087768555,-17.601118087768555,-17.601118087768555,-17.601118087768555,-17.601118087768555,-17.601118087768555,-17.601118087768555,-17.601118087768555,-17.601118087768555,-17.601118087768555,-17.601118087768555,-17.601118087768555,-17.601118087768555,-17.601118087768555,-17.601118087768555,-17.601118087768555,-17.601118087768555,-17.601118087768555,-17.601118087768555,-17.601118087768555,-17.601118087768555,-17.601118087768555,-17.601118087768555,-17.601118087768555,-17.45518684387207,-17.601118087768555,-17.601118087768555,-17.601118087768555,-17.601118087768555,-17.601118087768555,-17.601118087768555,-17.601118087768555,-17.601118087768555,-17.601118087768555,-17.601118087768555,-17.601118087768555,-17.585384368896484,-17.601118087768555,-20.951589584350586,-17.601118087768555,-17.601118087768555,-17.601118087768555,-17.601118087768555,-17.601118087768555,-17.601118087768555,-17.601118087768555,-17.601118087768555,-17.601118087768555,-17.601118087768555,-17.601118087768555,-17.601118087768555,-17.601118087768555,-17.601118087768555,-17.601118087768555,-17.601118087768555,-17.601118087768555,-17.601118087768555,-17.601118087768555,-17.601118087768555,-17.601118087768555,-17.601118087768555,-17.601118087768555,-17.601118087768555,-17.601118087768555,-17.601118087768555,-17.601118087768555,-17.601118087768555,-17.44430923461914,-17.601118087768555,-17.601118087768555,-17.601118087768555,-17.601118087768555,-17.601118087768555,-17.601118087768555,-17.601118087768555,-17.601118087768555,-17.601118087768555,-17.601118087768555,-18.177034378051758,-17.601118087768555,-18.00575065612793,-17.601118087768555,-17.601118087768555,-17.601118087768555,-17.601118087768555,-17.601118087768555,-17.601118087768555,-17.601118087768555,-17.601118087768555,-17.601118087768555,-17.601118087768555,-17.601118087768555,-17.601118087768555,-17.601118087768555,-17.601118087768555,-17.601118087768555,-17.601118087768555,-17.92772102355957,-17.601118087768555,-17.601118087768555,-17.601118087768555,-17.601118087768555,-17.601118087768555,-17.601118087768555,-17.601118087768555,-17.601118087768555,-17.601118087768555,-17.601118087768555,-17.601118087768555,-17.601118087768555,-17.601118087768555,-17.601118087768555,-17.601118087768555,-17.601118087768555,-17.601118087768555,-17.601118087768555,-17.601118087768555,-17.601118087768555,-17.601118087768555,-17.601118087768555,-17.601118087768555,-17.601118087768555,-17.601118087768555,-17.601118087768555,-17.601118087768555,-17.601118087768555,-17.601118087768555,-17.601118087768555,-17.601118087768555,-17.601118087768555,-17.601118087768555,-17.601118087768555,-17.601118087768555,-17.601118087768555,-17.601118087768555,-17.601118087768555,-17.8411808013916,-17.944957733154297,-17.601118087768555,-17.35523223876953,-17.601118087768555,-17.601118087768555,-17.601118087768555,-inf,-inf,-inf,-inf,-inf,-inf,-inf,-inf,-inf,-inf,-inf,-inf,-inf,-inf,-inf,-inf,-inf,-inf,-inf,-inf,-19.406208038330078,-3.933898824470816e-06
17,-19.478084564208984,-19.478084564208984,-19.478084564208984,-19.478084564208984,-19.478084564208984,-19.478084564208984,-19.478084564208984,-19.478084564208984,-19.478084564208984,-19.478084564208984,-19.478084564208984,-19.478084564208984,-19.478084564208984,-19.478084564208984,-19.478084564208984,-19.478084564208984,-19.478084564208984,-19.478084564208984,-19.478084564208984,-19.478084564208984,-19.478084564208984,-19.478084564208984,-19.478084564208984,-19.478084564208984,-19.478084564208984,-19.478084564208984,-19.478084564208984,-19.478084564208984,-19.478084564208984,-19.478084564208984,-19.478084564208984,-19.478084564208984,-19.478084564208984,-19.478084564208984,-19.478084564208984,-19.478084564208984,-19.478084564208984,-19.478084564208984,-19.478084564208984,-19.478084564208984,-19.478084564208984,-19.478084564208984,-19.478084564208984,-21.56342124938965,-19.478084564208984,-19.478084564208984,-19.478084564208984,-19.478084564208984,-19.478084564208984,-19.478084564208984,-19.478084564208984,-19.478084564208984,-19.478084564208984,-19.478084564208984,-19.478084564208984,-14.56871509552002,-19.478084564208984,-19.324878692626953,-19.478084564208984,-19.478084564208984,-19.478084564208984,-19.478084564208984,-19.478084564208984,-19.478084564208984,-19.478084564208984,-19.478084564208984,-19.478084564208984,-19.478084564208984,-19.478084564208984,-19.478084564208984,-19.478084564208984,-19.478084564208984,-19.478084564208984,-19.478084564208984,-19.478084564208984,-19.478084564208984,-19.478084564208984,-19.478084564208984,-19.478084564208984,-19.478084564208984,-19.478084564208984,-19.478084564208984,-19.478084564208984,-19.478084564208984,-19.478084564208984,-19.478084564208984,-21.719587326049805,-19.478084564208984,-19.478084564208984,-19.478084564208984,-19.478084564208984,-19.478084564208984,-19.478084564208984,-19.478084564208984,-19.478084564208984,-19.478084564208984,-19.478084564208984,-23.82036018371582,-19.478084564208984,-19.737638473510742,-19.478084564208984,-19.478084564208984,-19.478084564208984,-19.478084564208984,-19.478084564208984,-19.478084564208984,-19.478084564208984,-19.478084564208984,-19.478084564208984,-19.478084564208984,-19.478084564208984,-19.478084564208984,-19.478084564208984,-19.478084564208984,-19.478084564208984,-19.478084564208984,-21.08428955078125,-19.478084564208984,-19.478084564208984,-19.478084564208984,-19.478084564208984,-19.478084564208984,-19.478084564208984,-19.478084564208984,-19.478084564208984,-19.478084564208984,-19.478084564208984,-19.478084564208984,-19.478084564208984,-19.478084564208984,-19.478084564208984,-19.478084564208984,-19.478084564208984,-19.478084564208984,-19.478084564208984,-19.478084564208984,-19.478084564208984,-19.478084564208984,-19.478084564208984,-19.478084564208984,-19.478084564208984,-19.478084564208984,-19.478084564208984,-19.478084564208984,-19.478084564208984,-19.478084564208984,-19.478084564208984,-19.478084564208984,-19.478084564208984,-19.478084564208984,-19.478084564208984,-19.478084564208984,-19.478084564208984,-19.478084564208984,-19.478084564208984,-19.043020248413086,-23.635677337646484,-19.478084564208984,-22.88368797302246,-19.478084564208984,-19.478084564208984,-19.478084564208984,-inf,-inf,-inf,-inf,-inf,-inf,-inf,-inf,-inf,-inf,-inf,-inf,-inf,-inf,-inf,-inf,-inf,-inf,-inf,-inf,-19.478084564208984,-1.0728830375228426e-06,-2.877004861831665,-2.8914523124694824,-2.163501262664795,3.1028716564178467,-1.754500389099121,-1.6999388933181763,-3.4847803115844727,-1.732472538948059,-17.835765838623047,-17.835765838623047,-17.835765838623047,-17.835765838623047,-17.835765838623047,-17.835765838623047,-17.835765838623047,-17.835765838623047,-17.835765838623047,-17.835765838623047,-17.835765838623047,-17.835765838623047,-17.835765838623047,-17.835765838623047,-17.835765838623047,-17.835765838623047,-17.835765838623047,-17.835765838623047,-17.835765838623047,-17.835765838623047,-17.835765838623047,-17.835765838623047,-17.835765838623047,-17.835765838623047,-17.835765838623047,-17.835765838623047,-17.835765838623047,-17.835765838623047,-17.835765838623047,-17.835765838623047,-17.835765838623047,-17.835765838623047,-17.835765838623047,-17.835765838623047,-17.835765838623047,-17.835765838623047,-17.835765838623047,-17.835765838623047,-17.835765838623047,-17.835765838623047,-17.835765838623047,-17.835765838623047,-17.835765838623047,-17.769699096679688,-17.835765838623047,-17.835765838623047,-17.835765838623047,-17.835765838623047,-17.835765838623047,-17.835765838623047,-17.835765838623047,-17.835765838623047,-17.835765838623047,-17.835765838623047,-17.835765838623047,-17.79241943359375,-17.835765838623047,-17.778614044189453,-17.835765838623047,-17.835765838623047,-17.835765838623047,-17.835765838623047,-17.835765838623047,-17.835765838623047,-17.835765838623047,-17.835765838623047,-17.835765838623047,-17.835765838623047,-17.835765838623047,-17.835765838623047,-17.835765838623047,-17.835765838623047,-17.835765838623047,-17.835765838623047,-17.835765838623047,-17.835765838623047,-17.835765838623047,-17.835765838623047,-17.835765838623047,-17.835765838623047,-17.835765838623047,-17.835765838623047,-17.835765838623047,-17.835765838623047,-17.835765838623047,-17.835765838623047,-17.33866310119629,-17.835765838623047,-17.835765838623047,-17.835765838623047,-17.835765838623047,-17.835765838623047,-17.835765838623047,-17.835765838623047,-17.835765838623047,-17.835765838623047,-17.835765838623047,-17.70539665222168,-17.835765838623047,-17.358827590942383,-17.835765838623047,-17.835765838623047,-17.835765838623047,-17.835765838623047,-17.835765838623047,-17.835765838623047,-17.835765838623047,-17.835765838623047,-17.835765838623047,-17.835765838623047,-17.835765838623047,-17.835765838623047,-17.835765838623047,-17.835765838623047,-17.835765838623047,-17.835765838623047,-18.01167106628418,-17.835765838623047,-17.835765838623047,-17.835765838623047,-17.835765838623047,-17.835765838623047,-17.835765838623047,-17.835765838623047,-17.835765838623047,-17.835765838623047,-17.835765838623047,-17.835765838623047,-17.835765838623047,-17.835765838623047,-17.835765838623047,-17.835765838623047,-17.835765838623047,-17.835765838623047,-17.835765838623047,-17.835765838623047,-17.835765838623047,-17.835765838623047,-17.835765838623047,-17.835765838623047,-17.835765838623047,-17.835765838623047,-17.835765838623047,-17.835765838623047,-17.835765838623047,-17.835765838623047,-17.835765838623047,-17.835765838623047,-17.835765838623047,-17.835765838623047,-17.835765838623047,-17.835765838623047,-17.835765838623047,-17.835765838623047,-17.835765838623047,-17.939186096191406,-17.88090705871582,-17.835765838623047,-18.04330825805664,-17.835765838623047,-17.835765838623047,-17.835765838623047,-inf,-inf,-inf,-inf,-inf,-inf,-inf,-inf,-inf,-inf,-inf,-inf,-inf,-inf,-inf,-inf,-inf,-inf,-inf,-inf,-21.406911849975586,-3.4570634852570947e-06,-17.427019119262695,-17.427019119262695,-17.427019119262695,-17.427019119262695,-17.427019119262695,-17.427019119262695,-17.427019119262695,-17.427019119262695,-17.427019119262695,-17.427019119262695,-17.427019119262695,-17.427019119262695,-17.427019119262695,-17.427019119262695,-17.427019119262695,-17.427019119262695,-17.427019119262695,-17.427019119262695,-17.427019119262695,-17.427019119262695,-17.427019119262695,-17.427019119262695,-17.427019119262695,-17.427019119262695,-17.427019119262695,-17.427019119262695,-17.427019119262695,-17.427019119262695,-17.427019119262695,-17.427019119262695,-17.427019119262695,-17.427019119262695,-17.427019119262695,-17.427019119262695,-17.427019119262695,-17.427019119262695,-17.427019119262695,-17.427019119262695,-17.427019119262695,-17.427019119262695,-17.427019119262695,-17.427019119262695,-17.427019119262695,-17.27275848388672,-17.427019119262695,-17.427019119262695,-17.427019119262695,-17.427019119262695,-17.427019119262695,-17.427019119262695,-17.427019119262695,-17.427019119262695,-17.427019119262695,-17.427019119262695,-17.427019119262695,-17.410205841064453,-17.427019119262695,-20.72838592529297,-17.427019119262695,-17.427019119262695,-17.427019119262695,-17.427019119262695,-17.427019119262695,-17.427019119262695,-17.427019119262695,-17.427019119262695,-17.427019119262695,-17.427019119262695,-17.427019119262695,-17.427019119262695,-17.427019119262695,-17.427019119262695,-17.427019119262695,-17.427019119262695,-17.427019119262695,-17.427019119262695,-17.427019119262695,-17.427019119262695,-17.427019119262695,-17.427019119262695,-17.427019119262695,-17.427019119262695,-17.427019119262695,-17.427019119262695,-17.427019119262695,-17.427019119262695,-17.282821655273438,-17.427019119262695,-17.427019119262695,-17.427019119262695,-17.427019119262695,-17.427019119262695,-17.427019119262695,-17.427019119262695,-17.427019119262695,-17.427019119262695,-17.427019119262695,-17.988380432128906,-17.427019119262695,-17.981952667236328,-17.427019119262695,-17.427019119262695,-17.427019119262695,-17.427019119262695,-17.427019119262695,-17.427019119262695,-17.427019119262695,-17.427019119262695,-17.427019119262695,-17.427019119262695,-17.427019119262695,-17.427019119262695,-17.427019119262695,-17.427019119262695,-17.427019119262695,-17.427019119262695,-17.757482528686523,-17.427019119262695,-17.427019119262695,-17.427019119262695,-17.427019119262695,-17.427019119262695,-17.427019119262695,-17.427019119262695,-17.427019119262695,-17.427019119262695,-17.427019119262695,-17.427019119262695,-17.427019119262695,-17.427019119262695,-17.427019119262695,-17.427019119262695,-17.427019119262695,-17.427019119262695,-17.427019119262695,-17.427019119262695,-17.427019119262695,-17.427019119262695,-17.427019119262695,-17.427019119262695,-17.427019119262695,-17.427019119262695,-17.427019119262695,-17.427019119262695,-17.427019119262695,-17.427019119262695,-17.427019119262695,-17.427019119262695,-17.427019119262695,-17.427019119262695,-17.427019119262695,-17.427019119262695,-17.427019119262695,-17.427019119262695,-17.427019119262695,-17.668071746826172,-17.776641845703125,-17.427019119262695,-17.188018798828125,-17.427019119262695,-17.427019119262695,-17.427019119262695,-inf,-inf,-inf,-inf,-inf,-inf,-inf,-inf,-inf,-inf,-inf,-inf,-inf,-inf,-inf,-inf,-inf,-inf,-inf,-inf,-19.259218215942383,-4.768360213347478e-06
